391,117,-650,415,149,-624,427,149,-624,438,148,-624,375,153,-627,361,155,-626,348,157,-626,460,137,-361,330,147,-363,413,82,-538,364,85,-541,536,22,-163,231,36,-154,570,-187,-393,153,-146,-225,482,-28,-737,182,-268,-611,449,13,-828,170,-321,-702,445,37,-790,202,-302,-725,451,28,-735,212,-283,-636,453,-344,-7,250,-332,11,445,-657,-96,260,-634,-227,448,-946,141,269,-927,-108,450,-989,143,266,-973,-110,411,-1040,-264,302,-1013,-550,
 391,120,-704,415,153,-678,427,152,-678,439,150,-678,375,157,-679,361,158,-678,348,158,-679,460,138,-433,330,148,-429,414,82,-601,364,85,-602,536,22,-218,227,30,-185,590,-191,-419,127,-156,-94,484,-37,-763,153,-312,-309,449,10,-847,142,-371,-363,445,34,-791,173,-357,-405,452,27,-753,184,-336,-336,454,-347,-16,250,-336,20,445,-661,-115,261,-636,-234,445,-947,169,267,-927,-59,447,-991,175,265,-973,-55,409,-1040,-245,299,-1013,-513,
 391,121,-695,415,155,-670,427,154,-670,439,151,-670,375,159,-671,361,160,-671,348,159,-671,461,138,-431,330,149,-429,414,82,-594,364,86,-595,537,21,-221,225,26,-191,597,-195,-416,120,-161,-80,486,-42,-696,149,-325,-287,450,8,-764,139,-385,-337,448,31,-698,170,-371,-374,455,25,-681,181,-350,-312,455,-350,-18,249,-340,23,444,-666,-141,260,-639,-279,443,-949,145,263,-927,-93,444,-993,150,260,-974,-86,405,-1042,-269,294,-1014,-544,
 392,123,-681,415,157,-651,428,155,-651,440,153,-650,375,160,-655,361,161,-654,348,160,-654,461,138,-421,330,150,-420,414,83,-586,364,86,-594,537,21,-203,225,24,-187,611,-194,-388,120,-163,-77,494,-43,-694,153,-323,-292,450,6,-769,143,-383,-348,450,29,-703,174,-368,-383,459,23,-681,185,-347,-317,459,-356,-18,251,-348,22,448,-672,-155,263,-646,-305,450,-955,108,267,-933,-150,451,-1001,109,265,-982,-149,412,-1048,-311,299,-1019,-603,
 392,123,-794,416,157,-763,428,155,-763,440,153,-763,375,161,-767,361,161,-766,348,161,-767,462,138,-496,330,150,-502,414,83,-682,364,86,-687,537,21,-257,225,24,-252,615,-188,-486,123,-166,-132,502,-42,-865,155,-320,-392,452,6,-953,145,-378,-460,452,29,-892,176,-362,-491,462,23,-856,187,-342,-417,460,-356,-23,251,-348,27,448,-672,-171,265,-647,-288,449,-955,108,267,-933,-130,451,-1001,110,265,-982,-126,411,-1049,-325,299,-1020,-590,
 392,123,-751,416,157,-722,429,155,-722,441,153,-721,375,161,-726,361,161,-726,348,161,-726,462,138,-460,330,150,-473,414,83,-641,364,86,-647,537,21,-236,223,23,-234,615,-187,-458,125,-171,-132,501,-42,-822,159,-324,-353,453,6,-920,153,-382,-410,453,29,-860,182,-366,-444,464,23,-824,192,-346,-376,460,-357,-22,252,-350,27,449,-673,-166,265,-648,-280,449,-956,108,268,-933,-128,451,-1002,111,266,-983,-125,412,-1050,-316,300,-1020,-583,
 393,123,-762,417,157,-736,429,155,-735,441,153,-735,376,161,-740,361,161,-740,349,161,-740,463,138,-479,330,151,-493,414,83,-654,364,86,-660,537,21,-250,223,23,-246,611,-188,-452,125,-170,-137,502,-37,-798,158,-323,-357,454,6,-898,151,-381,-412,454,29,-857,181,-364,-448,464,23,-798,191,-344,-380,460,-357,-23,251,-349,27,448,-673,-177,265,-647,-295,447,-955,88,266,-933,-145,448,-1001,89,264,-982,-144,408,-1050,-334,298,-1020,-601,
 393,123,-785,417,157,-759,430,155,-759,442,153,-759,376,161,-766,362,161,-766,349,161,-766,464,138,-504,330,151,-528,414,83,-676,364,86,-685,538,21,-264,223,23,-292,615,-180,-449,126,-170,-211,506,-37,-764,176,-320,-380,465,6,-838,177,-377,-434,459,29,-777,205,-363,-481,468,23,-755,213,-342,-387,460,-357,-23,249,-349,27,447,-672,-127,265,-647,-260,445,-955,195,264,-932,-39,445,-1000,202,262,-981,-31,406,-1050,-213,295,-1020,-484,
 393,124,-788,417,157,-760,430,156,-760,443,153,-759,376,161,-766,362,162,-765,349,162,-766,465,138,-500,330,151,-520,415,83,-679,365,86,-687,538,20,-264,222,23,-275,613,-181,-452,124,-173,-209,508,-31,-763,175,-322,-374,464,7,-833,174,-381,-424,459,29,-768,204,-364,-456,469,23,-753,212,-344,-391,460,-359,-22,249,-350,27,447,-676,-128,264,-648,-267,444,-958,184,263,-934,-57,445,-1004,190,260,-984,-51,406,-1054,-233,294,-1023,-508,
 394,124,-881,418,157,-856,431,156,-856,443,153,-855,376,161,-863,362,162,-863,349,162,-863,466,138,-593,330,151,-618,416,82,-769,365,86,-778,540,19,-340,222,23,-360,618,-173,-515,125,-183,-268,512,-26,-797,177,-330,-451,468,7,-862,176,-389,-496,463,29,-798,204,-368,-516,472,23,-785,213,-348,-465,463,-359,-23,249,-350,27,452,-677,-136,267,-650,-275,450,-958,182,266,-935,-62,451,-1004,189,263,-984,-56,411,-1056,-231,298,-1026,-510,
 394,124,-794,418,158,-769,431,156,-769,444,154,-768,376,162,-784,362,162,-783,349,162,-783,467,138,-540,330,151,-583,416,83,-691,365,86,-712,541,19,-285,221,23,-310,622,-173,-421,128,-182,-262,514,-25,-659,197,-329,-350,471,7,-717,202,-388,-391,467,29,-648,228,-366,-405,473,23,-643,234,-346,-361,464,-359,-20,249,-350,24,452,-677,-119,267,-650,-279,450,-958,199,265,-935,-67,451,-1003,207,263,-985,-62,411,-1057,-197,296,-1025,-511,
 394,124,-784,418,158,-758,431,156,-758,444,154,-758,376,162,-768,362,162,-768,349,162,-768,468,138,-516,330,151,-544,416,83,-679,365,86,-692,542,19,-277,222,23,-298,623,-173,-423,128,-182,-234,517,-25,-677,195,-327,-369,473,7,-737,199,-386,-402,467,29,-670,226,-364,-437,475,22,-662,232,-344,-368,464,-360,-20,249,-350,24,452,-677,-133,267,-650,-283,450,-958,193,265,-935,-68,451,-1004,198,263,-985,-64,412,-1057,-216,296,-1025,-516,
 395,124,-796,418,158,-771,432,156,-771,444,154,-770,376,162,-778,362,162,-778,349,162,-778,468,138,-524,330,151,-546,417,83,-690,366,86,-700,543,19,-288,222,22,-309,625,-174,-454,130,-187,-234,518,-29,-696,195,-331,-403,474,6,-741,198,-389,-438,468,29,-685,225,-367,-465,475,22,-675,232,-347,-409,465,-362,-20,250,-353,25,454,-681,-130,268,-654,-256,451,-961,194,266,-937,-39,452,-1007,200,263,-988,-33,412,-1061,-212,297,-1028,-478,
 395,124,-837,419,158,-806,432,156,-806,445,154,-806,377,162,-815,363,162,-815,350,162,-815,468,138,-532,330,151,-564,417,83,-720,366,86,-732,543,18,-283,222,22,-321,624,-174,-485,132,-181,-257,517,-27,-801,201,-319,-463,474,6,-870,205,-376,-514,469,29,-806,233,-354,-528,476,22,-786,238,-334,-474,465,-363,-20,250,-354,25,453,-682,-130,268,-655,-298,450,-963,188,265,-940,-93,450,-1008,195,263,-990,-89,411,-1063,-223,296,-1030,-554,
 396,124,-760,419,158,-734,433,156,-734,445,153,-733,377,162,-740,363,162,-740,350,162,-740,468,137,-491,330,151,-513,417,82,-656,366,86,-665,543,18,-266,222,22,-296,620,-176,-445,132,-180,-219,516,-29,-711,199,-321,-395,474,6,-774,201,-379,-442,469,29,-707,230,-358,-461,475,22,-696,236,-338,-409,464,-363,-20,249,-354,25,451,-682,-143,267,-655,-302,447,-963,142,263,-940,-122,447,-1008,145,260,-990,-120,409,-1062,-261,292,-1030,-566,
 396,124,-725,419,158,-699,433,156,-699,445,153,-699,377,162,-704,363,162,-704,350,162,-704,468,137,-462,330,151,-479,417,82,-624,366,86,-631,543,18,-249,222,22,-272,619,-179,-412,135,-180,-215,516,-31,-642,213,-316,-398,473,6,-699,220,-372,-448,467,29,-629,247,-347,-469,475,22,-624,252,-327,-416,464,-363,-20,249,-354,25,452,-682,-156,267,-655,-303,451,-963,130,265,-941,-129,451,-1008,134,262,-991,-127,415,-1063,-269,294,-1030,-570,
 396,124,-802,419,158,-776,433,156,-776,445,153,-775,377,162,-782,363,162,-781,350,162,-782,468,137,-525,330,151,-546,417,82,-695,366,86,-703,543,18,-295,222,22,-312,616,-178,-457,135,-180,-245,515,-29,-644,210,-316,-444,468,6,-723,215,-372,-494,465,29,-649,242,-348,-509,475,22,-630,247,-328,-458,464,-363,-22,249,-353,26,452,-681,-157,267,-655,-305,451,-963,131,266,-941,-123,451,-1008,136,263,-991,-121,415,-1063,-268,296,-1030,-565,
 396,124,-762,419,158,-737,433,156,-737,445,153,-736,378,162,-743,363,162,-742,350,162,-742,468,137,-495,330,151,-516,417,82,-659,366,86,-667,543,18,-274,222,23,-292,613,-181,-423,135,-181,-197,514,-30,-649,199,-327,-365,468,6,-712,197,-386,-412,465,29,-647,226,-366,-434,474,22,-635,235,-345,-382,464,-363,-22,249,-353,26,452,-681,-186,267,-654,-349,452,-963,80,266,-941,-191,452,-1008,82,263,-991,-191,415,-1062,-327,296,-1030,-636,
 396,124,-755,419,157,-731,433,156,-731,445,153,-730,378,161,-735,363,162,-735,351,162,-735,469,137,-494,331,151,-510,417,82,-654,367,86,-661,543,18,-273,222,23,-289,611,-191,-424,134,-183,-189,510,-34,-670,193,-332,-369,466,5,-734,188,-392,-417,463,29,-668,218,-372,-439,473,22,-656,228,-351,-387,464,-363,-22,249,-353,26,452,-682,-187,267,-654,-342,451,-964,85,265,-941,-178,451,-1009,87,262,-991,-178,414,-1063,-322,294,-1031,-622,
 396,124,-757,419,157,-731,433,156,-731,445,153,-731,378,161,-736,364,162,-735,351,162,-736,469,137,-486,331,152,-503,417,82,-655,367,86,-661,543,18,-263,222,23,-270,611,-190,-435,132,-182,-187,510,-31,-735,187,-331,-394,466,5,-809,184,-391,-452,463,29,-745,214,-371,-479,472,22,-722,223,-350,-414,465,-364,-22,249,-354,27,453,-683,-185,268,-655,-338,452,-966,102,266,-943,-161,452,-1011,103,263,-994,-160,415,-1065,-310,296,-1032,-608,
 397,124,-639,420,157,-611,433,156,-611,446,153,-610,379,161,-616,364,162,-615,352,162,-616,469,137,-379,331,152,-396,417,82,-542,367,86,-549,543,18,-192,223,23,-197,611,-190,-382,130,-182,-126,510,-33,-663,181,-332,-342,467,4,-735,177,-393,-396,462,29,-664,209,-373,-423,472,22,-649,219,-351,-363,465,-364,-22,249,-354,27,453,-683,-180,268,-655,-307,451,-966,109,265,-943,-148,452,-1011,111,262,-994,-147,414,-1065,-308,296,-1032,-577,
 397,124,-722,420,157,-693,433,156,-693,446,153,-693,379,161,-699,365,162,-699,352,162,-699,469,137,-436,331,152,-455,418,82,-613,367,86,-621,544,18,-212,223,23,-206,613,-185,-416,129,-181,-145,512,-29,-722,172,-336,-338,468,4,-792,166,-398,-387,462,29,-732,198,-382,-416,472,22,-710,209,-360,-357,465,-364,-22,250,-354,26,454,-682,-186,269,-654,-341,454,-965,83,269,-942,-183,455,-1011,83,266,-993,-183,417,-1065,-338,302,-1031,-632,
 397,124,-679,420,157,-650,433,156,-650,446,153,-650,380,161,-657,365,162,-656,352,162,-657,469,138,-406,331,152,-428,418,82,-576,368,86,-585,546,18,-201,224,23,-209,614,-186,-395,128,-181,-139,513,-27,-675,174,-335,-340,468,4,-742,170,-396,-390,462,29,-672,202,-377,-412,472,22,-660,211,-356,-358,466,-365,-22,251,-357,26,455,-684,-161,269,-658,-308,455,-967,130,271,-945,-126,456,-1013,134,268,-996,-122,419,-1066,-273,303,-1034,-562,
 397,124,-850,420,157,-823,433,156,-823,446,154,-823,380,161,-828,365,162,-827,352,162,-828,469,138,-557,331,152,-572,418,82,-737,368,86,-744,546,18,-312,224,23,-311,610,-187,-496,130,-181,-221,508,-26,-775,177,-333,-431,464,4,-842,175,-393,-482,461,29,-783,205,-371,-500,471,22,-763,214,-350,-446,467,-365,-23,251,-356,27,457,-684,-163,272,-658,-313,458,-967,142,276,-945,-119,459,-1013,146,273,-995,-114,423,-1066,-274,311,-1035,-564,
 397,124,-818,420,157,-790,434,156,-790,446,153,-790,380,161,-796,365,162,-795,352,162,-796,469,138,-527,331,152,-544,418,82,-706,368,86,-714,546,18,-292,224,23,-297,611,-187,-477,130,-182,-211,508,-26,-768,175,-332,-423,465,4,-837,172,-392,-476,461,29,-776,201,-370,-499,471,22,-755,211,-350,-440,467,-365,-23,251,-356,27,457,-684,-180,272,-657,-344,458,-967,106,276,-945,-169,459,-1013,107,273,-995,-168,422,-1066,-326,310,-1035,-633,
 397,124,-748,420,158,-720,434,156,-720,446,154,-719,380,161,-724,365,162,-723,352,162,-724,469,138,-471,332,152,-484,418,83,-644,368,86,-650,546,18,-254,224,23,-249,611,-193,-428,130,-182,-139,508,-26,-707,171,-336,-331,463,4,-776,165,-396,-380,461,29,-710,194,-377,-415,471,22,-693,205,-356,-354,467,-365,-23,251,-356,27,457,-684,-196,272,-657,-339,458,-968,74,275,-945,-172,459,-1014,75,273,-996,-171,422,-1066,-350,310,-1035,-628,
 397,124,-690,420,158,-662,434,156,-662,446,154,-661,380,161,-667,365,162,-667,353,162,-667,469,139,-419,332,152,-438,418,83,-588,368,86,-596,546,18,-207,224,23,-223,613,-193,-373,128,-182,-131,513,-26,-632,172,-336,-318,469,4,-694,166,-396,-368,467,29,-627,195,-376,-392,474,22,-618,206,-355,-337,467,-365,-23,251,-356,27,457,-684,-177,271,-657,-334,458,-968,116,275,-945,-151,458,-1014,121,273,-996,-148,422,-1066,-289,309,-1035,-597,
 397,124,-709,420,158,-681,434,156,-681,446,154,-680,380,161,-686,365,162,-686,353,162,-686,469,139,-433,332,152,-447,418,83,-605,368,86,-612,546,18,-216,224,23,-214,613,-194,-405,127,-182,-127,513,-31,-743,170,-336,-335,470,4,-821,165,-395,-383,467,29,-755,194,-375,-395,474,22,-730,204,-354,-351,467,-365,-25,252,-356,29,457,-684,-181,272,-657,-332,458,-969,107,275,-947,-151,459,-1016,110,273,-997,-148,422,-1067,-319,309,-1036,-606,
 397,124,-772,420,158,-742,434,156,-742,446,154,-742,380,161,-749,365,162,-749,353,162,-749,469,139,-478,332,152,-500,418,83,-660,368,86,-669,547,18,-250,224,23,-264,614,-187,-443,128,-181,-206,513,-28,-748,183,-323,-443,470,4,-822,186,-381,-502,466,29,-758,215,-356,-516,474,22,-735,221,-337,-458,468,-365,-25,253,-356,30,460,-684,-138,276,-658,-270,461,-968,195,279,-947,-50,462,-1014,202,276,-997,-42,425,-1067,-222,313,-1036,-500,
 397,124,-684,420,158,-652,434,156,-652,446,154,-651,380,161,-658,365,162,-657,353,162,-657,469,139,-396,332,153,-414,418,83,-578,368,86,-585,547,18,-188,224,23,-197,614,-187,-404,127,-181,-117,513,-27,-747,173,-326,-337,470,4,-815,170,-385,-394,466,29,-749,201,-366,-422,474,22,-731,210,-346,-357,468,-365,-24,253,-356,29,458,-683,-159,274,-654,-330,458,-966,98,276,-943,-176,459,-1013,98,272,-994,-176,420,-1063,-323,311,-1031,-628,
 397,124,-708,420,158,-675,434,156,-675,446,154,-674,380,161,-680,365,162,-679,353,162,-679,469,139,-400,332,153,-415,419,83,-595,368,86,-602,547,18,-190,224,23,-209,614,-189,-405,128,-181,-147,513,-27,-742,182,-322,-423,468,4,-809,183,-379,-487,466,29,-744,212,-355,-509,474,22,-727,219,-336,-442,470,-365,-25,254,-356,29,460,-683,-157,275,-655,-321,461,-966,138,276,-944,-132,462,-1013,142,273,-995,-128,424,-1064,-286,311,-1032,-591,
 397,124,-732,420,158,-701,434,157,-700,446,155,-700,380,162,-707,365,162,-706,353,162,-706,469,140,-436,332,153,-456,419,83,-623,368,86,-631,548,18,-213,224,23,-237,616,-189,-410,129,-184,-153,514,-27,-706,182,-334,-394,470,4,-770,182,-394,-445,468,28,-707,211,-373,-473,474,21,-692,218,-352,-414,471,-365,-25,254,-356,29,463,-683,-174,276,-656,-327,466,-967,131,280,-945,-135,467,-1013,135,277,-996,-131,430,-1065,-292,314,-1033,-593,
 397,125,-858,420,158,-827,434,157,-827,446,155,-827,380,162,-835,365,163,-835,353,163,-835,469,140,-555,332,153,-586,419,84,-743,368,87,-754,548,18,-304,224,23,-331,615,-189,-471,131,-184,-218,513,-36,-734,186,-333,-406,467,4,-797,187,-394,-453,467,28,-735,215,-371,-476,474,21,-720,222,-350,-422,472,-365,-25,254,-356,29,463,-683,-174,276,-656,-334,465,-967,148,279,-945,-131,466,-1013,154,276,-996,-126,430,-1066,-275,314,-1035,-593,
 397,125,-823,420,158,-793,434,157,-793,446,155,-793,380,162,-800,365,163,-800,353,163,-800,469,140,-529,332,153,-554,419,83,-711,368,87,-721,547,18,-291,224,23,-306,615,-185,-468,129,-184,-205,513,-31,-740,179,-336,-400,468,4,-806,178,-398,-444,466,28,-743,206,-377,-471,473,21,-726,215,-356,-417,470,-365,-25,254,-356,29,462,-683,-193,275,-656,-334,463,-967,104,278,-945,-144,464,-1013,107,275,-996,-140,427,-1066,-319,312,-1035,-601,
 397,125,-810,420,158,-781,434,157,-781,446,155,-780,380,162,-790,365,163,-789,353,163,-790,469,140,-524,332,153,-537,419,84,-700,369,87,-714,548,18,-288,225,23,-289,617,-186,-461,133,-184,-198,513,-31,-740,189,-326,-429,468,4,-809,191,-385,-487,465,28,-746,218,-360,-509,473,21,-727,226,-340,-447,472,-365,-26,255,-356,31,463,-683,-180,276,-656,-313,464,-967,139,278,-945,-106,464,-1013,144,275,-996,-101,428,-1066,-289,313,-1035,-566,
 397,125,-801,420,159,-772,433,157,-772,446,155,-772,380,162,-782,365,163,-781,353,163,-782,469,140,-515,332,153,-536,419,84,-692,369,87,-706,548,18,-283,225,23,-277,617,-191,-457,132,-179,-187,511,-30,-724,188,-320,-428,464,4,-790,190,-379,-483,462,28,-724,218,-355,-497,471,21,-709,225,-334,-443,472,-365,-26,255,-356,31,462,-683,-181,274,-656,-313,460,-967,132,274,-945,-107,461,-1013,136,271,-995,-102,423,-1066,-298,308,-1035,-571,
 397,126,-883,420,159,-850,433,158,-850,446,156,-850,379,162,-855,365,163,-854,353,163,-855,469,140,-571,332,153,-583,419,85,-765,369,88,-772,548,18,-326,225,23,-318,613,-200,-540,132,-179,-253,504,-30,-835,202,-310,-511,458,4,-902,210,-366,-567,460,29,-832,237,-338,-572,470,21,-818,241,-319,-522,471,-366,-27,253,-356,32,459,-685,-185,272,-657,-338,454,-968,124,270,-947,-139,454,-1014,128,267,-997,-136,415,-1070,-311,303,-1038,-611,
 397,127,-860,420,159,-830,433,158,-829,446,156,-829,379,162,-836,365,163,-836,353,163,-836,469,140,-562,332,153,-586,419,86,-746,369,89,-756,548,18,-319,225,23,-337,613,-194,-509,137,-179,-252,504,-28,-812,213,-311,-469,458,5,-854,221,-368,-524,460,30,-781,249,-342,-548,470,22,-787,253,-322,-484,471,-366,-27,253,-356,31,460,-685,-184,272,-658,-337,458,-968,124,274,-948,-141,459,-1014,128,271,-998,-138,422,-1070,-296,307,-1039,-608,
 397,127,-859,420,159,-829,433,158,-829,446,156,-828,379,162,-836,365,163,-835,353,163,-836,469,140,-559,332,153,-585,419,86,-744,369,89,-754,548,18,-315,225,23,-340,615,-189,-507,142,-179,-271,504,-27,-792,222,-307,-487,461,5,-850,232,-363,-539,460,31,-781,258,-335,-547,470,23,-774,261,-316,-497,472,-366,-26,254,-356,31,461,-685,-174,273,-658,-323,459,-968,149,274,-948,-114,459,-1014,154,271,-998,-110,423,-1070,-266,307,-1039,-572,
 397,127,-845,420,160,-815,433,158,-815,446,157,-815,379,163,-822,365,163,-822,353,163,-822,469,141,-547,332,153,-571,419,86,-732,369,89,-741,549,18,-307,225,23,-334,616,-189,-499,144,-180,-294,505,-27,-782,231,-302,-510,461,5,-848,245,-356,-564,460,31,-781,270,-326,-561,471,22,-766,272,-307,-516,474,-365,-25,254,-356,29,463,-684,-157,274,-658,-316,463,-967,166,277,-947,-107,463,-1012,172,275,-997,-102,426,-1070,-245,311,-1039,-557,
 397,127,-910,420,160,-884,433,158,-884,446,156,-883,379,163,-889,365,163,-888,353,163,-889,469,141,-616,332,153,-632,419,86,-795,369,88,-802,548,18,-362,226,24,-360,613,-187,-560,144,-179,-270,504,-25,-846,203,-313,-459,459,6,-911,202,-371,-493,458,31,-847,230,-350,-510,469,23,-831,238,-330,-470,470,-364,-26,253,-353,30,458,-683,-184,270,-657,-309,453,-966,112,271,-945,-108,454,-1010,116,269,-994,-104,415,-1068,-304,304,-1037,-561,
 397,126,-907,420,159,-880,433,158,-879,446,156,-879,379,162,-887,365,163,-886,353,163,-887,469,141,-610,332,153,-635,419,85,-791,369,88,-801,548,18,-355,226,24,-371,615,-182,-546,143,-174,-279,506,-24,-819,202,-309,-459,462,6,-883,202,-367,-496,459,31,-818,230,-345,-510,469,23,-803,238,-325,-469,470,-363,-25,253,-353,29,458,-683,-165,270,-656,-309,452,-965,153,269,-945,-106,453,-1009,159,267,-993,-102,414,-1068,-258,302,-1037,-561,
 397,126,-892,420,159,-864,433,158,-864,446,156,-864,379,162,-872,365,163,-871,353,163,-872,469,141,-598,332,153,-626,419,85,-778,369,88,-789,547,18,-348,226,25,-372,615,-181,-534,139,-169,-276,506,-24,-797,201,-307,-440,462,6,-848,201,-365,-473,459,31,-778,230,-343,-479,469,23,-777,237,-323,-446,470,-363,-24,253,-352,29,457,-682,-172,268,-655,-332,451,-964,126,266,-943,-147,452,-1008,131,263,-992,-144,412,-1067,-278,297,-1035,-598,
 398,126,-883,420,159,-854,434,158,-854,446,156,-854,379,162,-862,365,163,-861,353,163,-861,469,140,-587,332,152,-614,420,85,-769,369,87,-779,546,18,-340,226,25,-363,618,-177,-528,140,-170,-272,506,-23,-798,203,-307,-455,465,5,-859,205,-366,-497,459,31,-790,233,-344,-508,469,23,-781,240,-323,-465,470,-363,-24,253,-352,29,457,-682,-172,268,-655,-329,450,-964,127,265,-943,-142,450,-1008,131,262,-992,-139,410,-1067,-278,296,-1035,-592,
 398,126,-722,421,159,-694,434,157,-693,446,155,-693,379,162,-701,365,163,-701,353,163,-701,469,140,-450,332,152,-476,420,84,-618,369,87,-629,545,18,-236,225,24,-252,617,-177,-366,140,-177,-172,506,-23,-572,204,-312,-366,464,5,-629,208,-371,-414,459,30,-562,234,-346,-432,469,22,-556,241,-326,-382,470,-363,-24,253,-352,28,458,-681,-148,269,-655,-274,451,-962,194,265,-942,-50,451,-1007,203,262,-991,-43,414,-1064,-201,296,-1033,-487,
 399,124,-761,421,157,-739,434,156,-738,447,154,-738,380,160,-745,365,161,-745,353,161,-745,469,140,-488,332,151,-515,422,82,-658,370,84,-667,544,18,-248,223,24,-254,617,-175,-414,141,-179,-210,507,-24,-618,209,-315,-368,470,5,-671,214,-375,-421,461,30,-605,240,-349,-442,470,22,-601,246,-328,-385,469,-359,-23,251,-349,28,458,-675,-134,269,-652,-269,451,-955,194,265,-935,-52,450,-1000,203,262,-985,-45,414,-1058,-189,294,-1026,-481,
 400,123,-704,422,157,-679,435,155,-678,448,154,-678,381,160,-688,366,161,-687,353,161,-687,469,139,-442,332,151,-477,422,81,-602,371,84,-615,542,18,-223,222,24,-269,620,-171,-375,142,-183,-216,518,-24,-594,221,-315,-389,481,4,-649,229,-373,-438,473,29,-580,254,-347,-458,479,22,-578,259,-326,-405,469,-359,-20,251,-349,24,457,-675,-138,269,-652,-279,451,-955,186,265,-935,-80,450,-1000,192,262,-985,-78,414,-1057,-213,294,-1025,-493,
 402,122,-914,424,155,-887,437,154,-886,449,152,-886,383,159,-900,367,160,-899,354,160,-899,469,138,-600,332,151,-653,423,80,-790,372,83,-807,541,18,-323,221,24,-401,615,-171,-517,145,-183,-356,515,-25,-847,231,-300,-566,481,4,-921,242,-352,-625,472,29,-861,266,-323,-629,479,21,-836,268,-304,-574,466,-357,-17,249,-347,21,455,-673,-111,269,-650,-291,450,-952,217,266,-934,-83,450,-997,224,263,-983,-80,414,-1055,-190,297,-1025,-495,
 403,120,-743,425,155,-715,437,153,-715,450,152,-714,384,158,-728,368,160,-727,355,160,-727,469,137,-453,332,151,-505,423,79,-631,373,82,-648,541,18,-217,221,24,-289,615,-171,-369,145,-183,-262,515,-25,-635,228,-298,-477,480,4,-700,238,-350,-545,471,28,-641,262,-322,-549,478,21,-624,265,-303,-488,466,-356,-13,250,-348,17,456,-670,-69,270,-649,-272,454,-949,282,269,-932,-32,453,-994,293,266,-981,-23,421,-1051,-109,301,-1022,-470,
 404,120,-840,425,154,-814,438,153,-814,450,151,-813,385,158,-827,369,159,-826,356,160,-826,469,137,-540,332,151,-592,424,78,-720,374,82,-738,541,18,-274,220,24,-358,613,-174,-461,152,-185,-335,515,-26,-758,248,-290,-539,481,3,-821,264,-337,-595,473,28,-758,285,-308,-590,478,20,-744,286,-290,-544,466,-355,-13,250,-348,17,458,-670,-91,272,-649,-296,460,-949,244,275,-932,-66,460,-993,252,273,-981,-59,429,-1051,-151,309,-1022,-518,
 404,120,-851,426,154,-826,438,153,-826,450,151,-825,386,158,-837,370,159,-837,356,160,-837,469,137,-560,332,151,-606,424,78,-735,374,82,-751,541,18,-297,220,24,-377,615,-174,-484,153,-186,-358,522,-28,-773,248,-278,-565,487,2,-835,265,-321,-619,479,27,-772,285,-291,-612,485,19,-760,287,-275,-569,466,-355,-13,250,-347,17,458,-670,-92,272,-649,-277,460,-949,255,275,-932,-33,459,-993,265,273,-980,-24,428,-1051,-139,309,-1022,-478,
 404,120,-771,426,154,-742,438,152,-742,450,151,-741,386,157,-753,370,159,-752,356,159,-753,469,137,-473,332,151,-517,425,78,-656,375,82,-671,541,18,-234,220,24,-289,614,-175,-405,151,-186,-237,517,-28,-711,237,-291,-458,478,2,-787,248,-342,-522,474,26,-731,271,-313,-538,481,19,-702,274,-294,-474,466,-355,-13,250,-348,17,458,-670,-97,272,-648,-290,460,-949,230,276,-931,-78,460,-993,235,273,-980,-74,428,-1050,-188,309,-1021,-538,
 404,119,-783,426,153,-755,438,152,-755,450,150,-755,386,157,-766,370,159,-765,357,159,-766,469,137,-486,332,151,-527,425,78,-670,375,82,-684,540,18,-238,220,25,-280,610,-180,-420,146,-184,-206,515,-29,-751,203,-313,-443,474,2,-831,201,-370,-504,471,27,-771,229,-348,-529,477,19,-741,238,-327,-461,462,-355,-13,248,-347,18,451,-670,-144,270,-645,-351,450,-949,138,269,-930,-175,449,-993,139,266,-979,-174,415,-1050,-284,301,-1019,-642,
 404,119,-820,426,153,-793,438,152,-793,450,150,-793,386,157,-804,370,158,-803,357,159,-803,469,137,-520,332,151,-559,425,78,-703,375,82,-717,540,19,-266,220,25,-315,611,-177,-457,148,-184,-260,514,-28,-769,212,-312,-490,474,2,-843,214,-369,-549,469,27,-782,241,-346,-564,476,19,-758,248,-325,-504,463,-355,-13,250,-346,18,456,-669,-135,273,-645,-302,457,-948,163,276,-930,-108,457,-992,167,273,-978,-103,423,-1049,-253,310,-1019,-563,
 404,119,-781,426,153,-753,438,152,-753,450,150,-752,386,157,-763,370,158,-763,357,159,-763,469,137,-489,333,151,-528,425,78,-668,375,82,-682,540,19,-241,221,25,-308,612,-178,-433,150,-183,-261,515,-29,-727,228,-291,-482,475,1,-789,238,-341,-538,470,26,-721,263,-314,-535,476,19,-712,266,-296,-489,463,-355,-12,250,-346,16,454,-669,-134,271,-645,-338,455,-948,158,270,-929,-158,455,-992,161,267,-978,-156,420,-1049,-249,303,-1019,-610,
 405,119,-787,426,153,-759,438,152,-759,450,150,-759,386,157,-769,370,158,-769,357,159,-769,469,136,-491,333,150,-534,425,78,-674,375,81,-687,540,18,-242,221,25,-330,615,-179,-450,157,-184,-314,522,-34,-737,246,-288,-515,483,0,-793,260,-336,-564,479,26,-722,281,-308,-554,485,18,-720,283,-290,-518,463,-355,-12,250,-346,16,453,-669,-137,269,-645,-329,453,-948,150,268,-929,-142,453,-992,155,265,-978,-139,418,-1049,-248,299,-1019,-595,
 405,119,-808,426,153,-783,438,151,-783,450,150,-783,386,156,-793,370,158,-792,357,158,-793,469,136,-521,333,150,-558,425,77,-694,375,81,-707,540,18,-273,221,25,-342,613,-179,-457,160,-185,-321,516,-34,-734,254,-287,-527,474,0,-792,270,-335,-583,472,25,-724,291,-305,-574,479,18,-718,293,-287,-531,463,-353,-12,250,-346,17,453,-667,-128,269,-645,-305,455,-946,177,272,-929,-109,455,-989,183,270,-976,-106,421,-1048,-220,304,-1019,-558,
 405,119,-799,426,153,-772,438,151,-772,450,150,-772,386,156,-783,370,157,-782,357,158,-782,469,136,-501,333,150,-543,425,77,-683,375,81,-698,540,18,-252,221,25,-313,616,-179,-439,151,-183,-292,519,-34,-738,224,-294,-525,476,0,-806,230,-347,-583,473,25,-737,256,-319,-591,479,18,-723,261,-300,-536,463,-353,-14,250,-345,18,452,-668,-112,268,-645,-242,447,-946,226,265,-928,-13,446,-989,235,261,-976,-6,410,-1047,-175,295,-1019,-462,
 405,118,-785,426,152,-756,438,151,-756,450,149,-756,386,156,-768,370,157,-767,357,158,-768,469,136,-483,333,150,-530,425,77,-669,375,81,-684,539,18,-239,221,25,-313,613,-179,-439,154,-183,-306,518,-34,-756,241,-283,-537,476,0,-828,253,-329,-599,472,25,-763,276,-301,-597,479,18,-743,278,-284,-544,463,-353,-13,250,-345,17,449,-667,-98,267,-644,-247,445,-945,220,264,-927,-23,444,-988,227,260,-974,-16,409,-1045,-183,295,-1016,-471,
 405,118,-753,426,152,-729,438,151,-729,450,149,-728,386,156,-738,370,157,-738,357,158,-738,469,136,-483,333,150,-520,425,77,-647,375,81,-659,539,18,-243,221,25,-314,613,-174,-420,155,-187,-321,516,-32,-646,258,-269,-528,473,0,-696,278,-308,-590,470,26,-629,296,-279,-578,477,18,-629,296,-264,-539,463,-350,-12,250,-343,16,450,-663,-99,268,-643,-256,448,-941,217,266,-924,-48,448,-985,224,262,-971,-43,415,-1042,-175,296,-1014,-489,
 405,118,-761,426,152,-735,438,151,-735,450,149,-735,386,155,-746,370,157,-745,357,157,-745,469,136,-485,333,150,-521,425,77,-650,375,81,-663,539,18,-245,220,25,-315,610,-174,-426,155,-188,-338,512,-32,-678,255,-271,-575,470,0,-737,272,-313,-640,467,26,-677,292,-284,-631,474,18,-665,293,-268,-582,463,-349,-11,250,-342,16,450,-661,-83,267,-641,-262,448,-939,242,266,-922,-53,448,-983,250,262,-969,-48,415,-1039,-161,296,-1012,-501,
 405,118,-753,426,152,-726,438,150,-726,450,149,-726,386,155,-737,370,157,-736,357,157,-737,469,135,-474,333,150,-513,425,77,-643,375,80,-657,539,18,-233,220,25,-301,613,-174,-385,151,-185,-271,513,-32,-641,242,-272,-480,474,-1,-702,255,-316,-538,467,25,-640,277,-286,-542,475,18,-628,279,-269,-491,462,-349,-11,248,-341,15,448,-660,-89,265,-639,-265,445,-938,233,262,-919,-55,444,-982,240,258,-966,-50,410,-1036,-168,291,-1008,-501,
 405,117,-796,426,151,-770,438,150,-770,450,148,-769,386,155,-781,370,157,-780,357,157,-781,468,135,-508,333,150,-551,425,77,-682,375,80,-697,538,19,-260,220,25,-317,611,-176,-428,152,-185,-276,512,-32,-712,242,-289,-485,469,0,-781,253,-340,-541,464,26,-714,275,-312,-547,472,18,-697,278,-292,-496,462,-349,-13,248,-341,17,448,-660,-123,265,-639,-272,445,-938,180,262,-919,-87,444,-982,185,258,-967,-84,410,-1037,-224,291,-1008,-535,
 405,117,-722,426,151,-698,438,150,-698,450,148,-698,386,155,-707,370,156,-707,357,157,-707,468,135,-458,333,150,-493,425,77,-618,375,80,-630,538,19,-224,220,25,-289,612,-178,-382,153,-185,-265,513,-32,-628,244,-287,-459,470,0,-684,257,-337,-510,465,26,-614,278,-309,-509,472,19,-611,281,-290,-467,462,-348,-10,248,-341,15,449,-660,-123,266,-639,-286,448,-938,178,265,-919,-110,447,-982,183,262,-967,-108,415,-1037,-218,294,-1009,-549,
 405,117,-740,426,151,-716,438,150,-715,450,148,-715,386,155,-725,370,156,-725,357,157,-725,468,135,-468,333,149,-504,425,77,-633,375,80,-645,538,19,-230,220,25,-293,612,-178,-385,156,-186,-312,514,-32,-653,261,-258,-519,473,-1,-716,280,-294,-572,469,26,-648,299,-264,-547,473,19,-639,299,-250,-518,462,-348,-11,249,-341,15,449,-660,-122,266,-639,-279,448,-938,182,265,-919,-103,447,-982,187,262,-967,-101,415,-1037,-215,294,-1009,-540,
 405,117,-706,425,151,-682,438,150,-681,450,148,-681,386,155,-691,370,156,-690,357,157,-690,468,135,-442,333,149,-476,424,77,-603,375,80,-615,538,19,-220,220,25,-276,612,-178,-382,154,-186,-258,513,-32,-641,246,-286,-456,470,0,-704,258,-338,-508,467,26,-636,280,-311,-513,473,19,-625,283,-291,-466,462,-348,-11,249,-341,15,449,-660,-94,267,-640,-239,448,-938,231,265,-920,-28,447,-982,239,262,-967,-21,415,-1037,-150,294,-1009,-453,
 405,117,-709,425,151,-684,438,150,-684,450,148,-684,386,155,-694,370,156,-694,357,157,-694,468,135,-441,333,149,-479,424,77,-603,375,80,-617,538,19,-213,220,25,-279,612,-172,-375,153,-185,-261,513,-32,-629,245,-286,-452,474,0,-690,257,-338,-505,469,26,-625,279,-310,-505,473,19,-615,282,-291,-460,461,-348,-10,248,-340,14,448,-659,-95,266,-638,-243,446,-936,230,263,-917,-37,445,-980,237,259,-965,-32,412,-1035,-158,292,-1006,-462,
 404,117,-680,425,151,-656,438,150,-656,450,148,-655,385,155,-663,370,156,-663,356,157,-663,468,135,-422,332,149,-446,424,77,-578,375,80,-587,538,19,-201,220,25,-243,612,-177,-356,150,-185,-203,513,-32,-599,236,-293,-399,473,0,-658,246,-347,-450,468,26,-588,269,-319,-457,472,19,-582,274,-299,-410,461,-348,-10,247,-340,14,447,-659,-104,264,-638,-250,443,-936,205,259,-917,-49,442,-981,211,255,-965,-47,407,-1035,-179,286,-1005,-465,
 404,117,-849,425,151,-825,438,150,-825,450,148,-824,385,155,-836,370,156,-836,356,157,-836,468,135,-564,332,149,-608,424,77,-735,375,80,-750,536,19,-304,220,25,-384,613,-173,-499,160,-185,-384,518,-32,-778,263,-276,-570,476,2,-835,281,-320,-616,471,26,-766,299,-291,-601,474,19,-762,300,-275,-570,461,-348,-10,248,-340,14,450,-659,-108,267,-638,-254,447,-936,201,263,-917,-55,446,-980,207,260,-965,-52,413,-1035,-185,292,-1005,-481,
 404,117,-854,425,151,-827,437,150,-827,449,148,-827,385,155,-839,369,156,-839,356,157,-839,468,135,-556,332,149,-600,424,77,-736,375,80,-751,536,19,-298,220,25,-383,613,-170,-521,165,-185,-428,517,-31,-850,268,-253,-668,476,2,-915,289,-288,-729,471,27,-850,305,-259,-710,474,20,-836,305,-246,-667,461,-347,-10,248,-340,14,450,-657,-101,268,-636,-265,447,-934,203,265,-916,-69,446,-977,209,262,-963,-65,413,-1033,-186,296,-1004,-505,
 404,117,-899,425,151,-876,437,150,-875,449,148,-875,385,155,-886,369,156,-886,356,156,-886,468,135,-610,332,148,-649,424,77,-782,375,80,-796,537,19,-343,220,25,-413,612,-171,-531,164,-186,-404,515,-31,-814,265,-256,-608,472,2,-872,284,-294,-663,469,27,-809,301,-264,-648,474,20,-799,302,-250,-609,462,-347,-10,248,-340,14,451,-657,-102,268,-636,-293,449,-934,203,267,-916,-92,448,-977,209,264,-963,-88,414,-1034,-190,300,-1004,-537,
 404,117,-894,424,151,-870,437,150,-870,449,148,-870,384,155,-884,369,156,-883,356,156,-884,468,135,-588,332,149,-639,424,77,-781,375,80,-791,535,19,-340,220,25,-395,613,-171,-503,164,-186,-374,515,-32,-804,263,-258,-580,472,1,-867,281,-297,-634,469,27,-798,299,-268,-624,474,20,-788,300,-254,-583,461,-347,-11,248,-340,15,450,-658,-120,268,-637,-291,447,-934,164,267,-916,-107,446,-977,167,263,-964,-105,411,-1034,-235,299,-1004,-548,
 404,117,-863,424,151,-838,437,150,-838,449,148,-838,384,155,-854,369,156,-854,356,156,-854,468,135,-562,332,149,-619,424,76,-748,374,80,-763,535,19,-315,220,25,-380,612,-171,-491,162,-186,-363,513,-31,-803,261,-258,-572,469,1,-863,278,-298,-627,465,27,-795,296,-269,-617,471,20,-787,297,-254,-576,461,-347,-11,247,-340,15,447,-658,-109,265,-637,-259,439,-933,202,260,-914,-50,438,-976,209,256,-961,-45,404,-1032,-190,288,-1002,-485,
 403,117,-787,424,151,-764,437,150,-764,449,148,-764,384,154,-772,368,156,-772,355,156,-772,468,135,-522,332,149,-549,424,76,-684,374,80,-692,535,19,-307,220,25,-346,612,-173,-490,160,-187,-362,512,-33,-752,260,-251,-585,467,-1,-804,277,-287,-643,464,26,-734,295,-257,-624,471,19,-733,297,-244,-586,461,-347,-11,247,-339,16,446,-657,-80,264,-636,-227,437,-931,243,257,-911,-8,436,-974,251,253,-958,-2,402,-1030,-145,285,-1000,-437,
 403,117,-726,424,151,-702,437,150,-702,449,148,-702,383,155,-708,368,156,-708,355,156,-708,468,135,-470,332,149,-489,424,76,-626,374,80,-633,535,19,-276,221,25,-319,614,-163,-486,162,-187,-414,513,-33,-750,273,-218,-675,472,2,-797,296,-240,-736,464,26,-724,310,-211,-698,471,19,-729,311,-204,-669,461,-347,-11,248,-338,16,446,-656,-108,265,-634,-231,438,-929,163,257,-909,-77,437,-972,166,253,-956,-76,402,-1027,-223,285,-996,-492,
 403,117,-762,424,151,-741,436,150,-741,448,148,-740,383,154,-749,368,156,-749,355,156,-749,468,134,-505,332,149,-534,423,76,-660,373,80,-670,534,19,-282,221,26,-343,613,-164,-482,161,-187,-396,512,-33,-743,272,-222,-604,470,1,-792,294,-247,-651,464,26,-720,309,-214,-625,471,19,-723,309,-205,-599,460,-346,-11,246,-338,16,445,-655,-111,265,-634,-255,438,-928,171,258,-909,-87,437,-971,175,254,-956,-84,402,-1027,-217,285,-997,-510,
 402,117,-805,423,151,-785,436,149,-784,448,148,-784,382,154,-791,367,156,-791,354,156,-791,468,134,-545,332,148,-568,423,76,-699,373,79,-708,534,19,-310,221,26,-347,603,-180,-487,158,-187,-355,502,-33,-737,260,-240,-548,462,1,-785,278,-277,-593,459,26,-715,296,-246,-580,463,19,-717,298,-231,-549,460,-346,-12,246,-338,16,446,-655,-129,265,-634,-275,441,-928,156,260,-910,-110,440,-971,160,257,-957,-108,406,-1029,-236,288,-999,-542,
 402,117,-789,423,151,-761,436,149,-761,448,148,-760,382,154,-771,367,156,-770,354,156,-771,468,134,-502,332,148,-541,423,76,-678,373,79,-691,534,19,-266,221,26,-337,608,-178,-481,159,-187,-342,506,-33,-753,260,-246,-534,465,0,-810,278,-285,-585,459,26,-739,297,-254,-569,464,19,-736,298,-240,-534,459,-347,-12,246,-339,16,446,-657,-144,265,-635,-303,441,-930,124,260,-911,-150,440,-973,126,256,-958,-150,405,-1030,-279,288,-999,-591,
 402,117,-767,423,151,-742,436,149,-741,448,148,-741,382,154,-750,367,156,-749,354,156,-750,468,134,-496,332,148,-527,423,76,-661,373,79,-672,534,19,-265,221,26,-324,606,-182,-449,156,-187,-309,502,-33,-687,256,-255,-483,462,0,-739,273,-297,-533,458,26,-668,293,-268,-520,461,19,-668,295,-252,-486,459,-347,-12,246,-339,16,446,-657,-139,265,-635,-299,441,-930,140,260,-911,-130,441,-973,144,256,-958,-129,406,-1030,-261,288,-999,-569,
 402,117,-747,423,151,-722,435,149,-721,447,148,-721,382,154,-729,367,156,-729,353,156,-729,468,134,-479,331,148,-506,423,76,-643,372,80,-652,534,19,-258,221,26,-313,606,-181,-447,156,-187,-315,503,-32,-697,258,-249,-501,462,0,-752,276,-286,-558,458,26,-682,295,-257,-533,462,19,-680,296,-243,-500,458,-347,-12,245,-338,17,445,-656,-108,264,-635,-254,439,-929,206,259,-910,-55,439,-972,213,255,-957,-50,404,-1029,-181,286,-999,-485,
 402,117,-698,422,151,-675,435,150,-675,447,148,-674,382,154,-681,367,156,-680,353,156,-680,468,134,-453,331,148,-471,423,76,-601,372,80,-609,535,19,-242,221,26,-280,607,-182,-398,156,-188,-285,503,-33,-581,258,-251,-468,462,0,-623,276,-288,-516,458,26,-548,295,-258,-496,462,18,-560,296,-245,-469,460,-346,-12,247,-338,17,446,-655,-129,265,-634,-258,441,-929,155,260,-910,-93,441,-971,160,256,-957,-92,406,-1028,-229,287,-998,-517,
 401,117,-704,422,151,-679,435,150,-678,447,148,-678,381,154,-684,366,156,-684,353,156,-684,468,134,-445,331,148,-462,423,76,-603,372,80,-610,535,19,-239,222,26,-279,606,-178,-416,159,-186,-334,503,-32,-643,271,-234,-569,461,0,-690,294,-265,-624,458,26,-605,310,-237,-593,463,19,-619,310,-226,-566,460,-346,-13,247,-337,17,445,-654,-125,265,-632,-248,437,-926,159,257,-907,-75,437,-969,164,253,-954,-73,401,-1024,-222,282,-993,-497,
 401,118,-705,422,151,-681,434,150,-681,447,148,-681,381,155,-687,366,156,-687,353,156,-687,467,134,-451,331,148,-470,422,77,-605,372,80,-613,535,19,-239,222,26,-279,606,-178,-408,159,-185,-287,503,-32,-615,269,-253,-469,460,1,-663,288,-295,-516,457,27,-590,308,-267,-501,461,19,-595,308,-252,-470,460,-346,-13,247,-336,17,446,-653,-125,265,-632,-249,440,-925,157,260,-907,-87,440,-968,162,256,-954,-86,404,-1024,-223,285,-993,-505,
 400,119,-716,421,152,-692,434,151,-692,447,149,-691,381,155,-698,366,156,-698,353,157,-698,467,135,-471,331,149,-475,422,78,-612,372,82,-623,535,19,-267,223,26,-284,604,-181,-416,157,-185,-282,499,-32,-589,263,-268,-452,457,1,-631,279,-316,-494,455,27,-556,303,-288,-481,459,19,-567,304,-270,-455,460,-345,-15,247,-336,19,446,-653,-123,266,-632,-235,440,-926,178,260,-907,-48,440,-968,185,256,-955,-44,404,-1024,-190,285,-994,-461,
 400,120,-767,421,153,-744,434,152,-744,446,150,-743,381,156,-751,366,157,-751,353,158,-751,467,135,-505,331,149,-526,422,78,-661,371,82,-671,535,19,-280,223,26,-324,605,-180,-456,157,-184,-332,501,-30,-699,265,-260,-525,458,2,-751,283,-305,-574,455,28,-680,307,-276,-550,460,21,-681,307,-260,-523,461,-344,-15,248,-336,19,447,-652,-110,266,-632,-240,441,-923,200,260,-907,-51,441,-965,208,257,-954,-46,405,-1024,-173,287,-994,-473,
 400,121,-905,421,153,-879,434,152,-878,446,150,-878,380,157,-886,366,158,-886,352,158,-886,467,136,-610,331,150,-637,422,79,-789,371,83,-799,536,20,-354,223,26,-374,603,-178,-540,152,-180,-307,501,-27,-821,223,-304,-498,458,5,-886,227,-363,-543,455,31,-823,256,-340,-547,460,23,-806,262,-319,-507,461,-344,-16,249,-336,20,448,-653,-124,266,-632,-273,441,-925,196,261,-908,-68,441,-967,204,257,-955,-63,405,-1026,-190,288,-996,-506,
 400,121,-912,421,154,-889,433,153,-889,446,151,-889,380,157,-895,366,158,-895,352,158,-895,467,136,-628,331,150,-651,422,79,-798,371,83,-807,536,20,-371,223,26,-384,601,-182,-539,149,-179,-308,501,-27,-800,228,-298,-519,458,6,-863,236,-353,-567,455,32,-796,263,-328,-576,461,24,-783,266,-307,-531,461,-344,-18,249,-335,22,449,-654,-102,267,-633,-240,441,-925,253,261,-909,4,441,-967,265,258,-957,14,405,-1028,-133,288,-999,-433,
 398,122,-790,420,154,-767,432,153,-767,444,151,-766,379,158,-770,364,159,-769,351,159,-769,466,136,-539,331,150,-546,420,80,-691,369,84,-696,536,20,-315,223,26,-324,600,-186,-442,149,-179,-255,499,-28,-632,232,-294,-427,456,6,-680,243,-345,-472,453,32,-610,268,-319,-470,459,24,-613,271,-300,-434,461,-343,-19,249,-335,23,449,-653,-145,267,-632,-267,441,-925,145,261,-909,-100,441,-967,151,258,-957,-99,405,-1027,-241,288,-999,-529,
 396,123,-631,419,155,-605,431,154,-605,443,152,-605,378,158,-609,363,159,-608,350,159,-608,466,136,-389,331,150,-397,419,81,-540,369,85,-545,535,19,-206,223,26,-208,600,-196,-359,144,-179,-157,493,-28,-570,216,-315,-349,452,6,-626,219,-373,-396,450,32,-549,248,-351,-407,457,24,-550,254,-330,-363,461,-345,-19,249,-336,23,448,-655,-140,265,-633,-229,441,-928,153,260,-910,-64,441,-973,159,256,-958,-63,404,-1027,-230,285,-998,-474,
 395,124,-698,417,156,-674,429,155,-673,442,153,-673,376,159,-678,362,160,-678,349,160,-678,465,137,-442,330,150,-458,418,82,-599,367,86,-606,535,19,-230,223,26,-253,597,-198,-395,144,-180,-213,489,-29,-592,220,-311,-402,447,6,-639,222,-366,-448,448,32,-566,251,-347,-445,455,24,-571,257,-327,-410,461,-346,-19,249,-337,23,449,-656,-139,265,-635,-231,444,-930,154,261,-912,-63,444,-974,159,258,-960,-61,408,-1029,-225,289,-1001,-478,
 393,125,-629,416,156,-602,428,155,-602,441,153,-602,375,159,-606,361,160,-605,348,160,-606,463,137,-373,330,151,-382,417,83,-532,366,86,-537,536,19,-178,223,26,-186,599,-197,-354,139,-178,-169,490,-37,-583,214,-305,-400,447,4,-640,221,-358,-452,449,31,-566,249,-335,-454,455,22,-564,253,-316,-411,460,-347,-21,248,-338,26,448,-656,-138,263,-635,-212,441,-930,165,258,-912,-18,442,-974,173,253,-960,-13,404,-1029,-217,286,-1001,-435,
 393,126,-676,416,157,-650,428,156,-650,440,153,-649,375,160,-655,361,161,-654,348,161,-655,463,138,-415,330,151,-431,416,83,-577,366,87,-584,536,19,-211,223,25,-227,599,-193,-375,139,-178,-185,488,-34,-594,211,-306,-396,448,4,-651,216,-362,-449,447,31,-583,243,-337,-457,453,22,-577,249,-317,-409,460,-347,-22,249,-338,26,450,-656,-152,265,-635,-258,447,-930,152,264,-912,-74,447,-973,159,260,-960,-70,410,-1028,-236,293,-1001,-501,
 393,127,-676,416,157,-651,427,156,-651,440,154,-650,375,160,-654,360,161,-653,348,161,-653,463,138,-426,330,151,-434,415,84,-581,365,88,-586,536,18,-224,222,25,-230,590,-195,-361,142,-182,-166,483,-35,-527,213,-313,-340,444,4,-576,221,-370,-387,445,31,-511,248,-344,-396,452,22,-510,252,-323,-353,460,-347,-23,249,-337,27,450,-655,-154,265,-635,-244,446,-929,153,264,-911,-65,447,-972,160,260,-959,-62,410,-1027,-233,293,-1000,-487,
 393,127,-679,416,158,-656,427,156,-655,440,154,-655,375,161,-659,360,161,-658,347,161,-658,462,139,-433,329,151,-441,415,84,-585,365,88,-589,536,18,-230,222,25,-237,591,-197,-372,139,-182,-189,484,-35,-563,214,-310,-369,445,2,-616,222,-366,-416,446,30,-545,249,-339,-410,452,21,-544,253,-319,-375,460,-346,-23,248,-337,27,449,-655,-112,265,-635,-180,446,-928,240,263,-911,47,446,-972,252,259,-959,56,409,-1026,-134,291,-1000,-366,
 393,127,-735,416,157,-714,428,156,-714,440,154,-714,375,161,-717,360,161,-717,347,161,-717,462,139,-497,329,151,-505,416,84,-641,365,88,-646,536,18,-286,220,24,-296,592,-201,-422,142,-192,-274,484,-37,-598,227,-310,-474,445,2,-644,239,-361,-520,446,29,-561,262,-331,-513,452,21,-573,265,-313,-480,460,-346,-24,248,-337,28,450,-655,-109,265,-639,-176,446,-929,254,264,-913,63,447,-973,267,261,-961,72,411,-1028,-119,292,-1004,-353,
 393,127,-711,416,158,-686,427,156,-685,440,154,-685,375,161,-691,361,162,-690,347,162,-691,462,139,-447,329,152,-468,416,84,-612,365,88,-619,535,18,-241,220,25,-254,592,-201,-393,138,-187,-197,485,-36,-606,210,-311,-417,445,2,-669,214,-366,-471,446,30,-595,241,-340,-490,452,21,-586,247,-319,-434,458,-346,-24,247,-337,28,449,-655,-109,265,-639,-199,445,-929,236,263,-914,42,445,-973,246,260,-962,45,410,-1028,-144,291,-1004,-372,
 393,127,-715,416,157,-693,428,156,-693,440,154,-692,375,161,-698,361,161,-698,347,162,-698,462,139,-464,329,152,-483,416,84,-616,365,88,-624,535,20,-248,220,26,-274,592,-186,-395,138,-183,-203,485,-32,-607,211,-310,-403,448,2,-669,215,-364,-451,446,30,-596,245,-338,-460,452,22,-587,250,-317,-414,458,-343,-22,247,-335,26,449,-650,-102,266,-633,-227,445,-922,231,264,-906,-25,445,-965,242,261,-954,-22,410,-1023,-152,292,-996,-433,
 394,127,-857,416,158,-833,428,157,-833,440,155,-833,375,161,-840,361,162,-839,347,162,-839,462,140,-583,329,152,-605,416,84,-749,365,88,-758,537,20,-338,221,26,-361,596,-184,-501,144,-183,-274,492,-29,-746,219,-313,-462,450,4,-805,224,-370,-508,447,31,-737,254,-344,-516,455,23,-728,258,-323,-472,462,-343,-22,250,-335,26,457,-651,-104,273,-634,-253,457,-923,225,276,-909,-39,457,-966,236,274,-957,-34,424,-1027,-155,306,-1000,-464,
 394,127,-898,416,158,-874,428,157,-874,440,155,-874,375,161,-881,361,162,-881,348,162,-881,462,140,-615,329,153,-640,416,84,-787,366,88,-796,537,20,-364,221,26,-399,601,-185,-576,146,-188,-374,500,-29,-892,240,-311,-605,460,4,-962,254,-363,-657,452,32,-885,280,-338,-651,460,23,-873,282,-318,-610,464,-343,-23,251,-335,27,458,-652,-77,275,-639,-161,456,-923,305,275,-911,107,456,-966,319,273,-958,120,422,-1027,-76,305,-1003,-318,
 394,127,-886,416,158,-863,428,157,-862,440,155,-862,375,161,-869,361,162,-868,348,162,-868,462,140,-610,329,153,-631,416,84,-777,366,88,-785,536,20,-361,221,26,-380,595,-186,-526,146,-188,-322,500,-28,-785,239,-314,-566,460,4,-847,251,-370,-634,452,32,-777,279,-344,-604,460,24,-767,280,-323,-567,463,-343,-23,251,-335,27,457,-653,-86,275,-639,-172,454,-923,273,275,-911,56,454,-966,284,272,-958,65,421,-1028,-108,304,-1004,-366,
 394,126,-729,416,158,-702,428,157,-702,440,155,-702,375,161,-708,361,162,-707,348,162,-708,460,140,-455,328,153,-478,416,85,-624,365,89,-632,534,20,-240,220,26,-251,584,-194,-406,139,-181,-195,491,-28,-673,219,-311,-431,455,3,-739,227,-366,-490,452,32,-675,255,-341,-497,458,24,-658,258,-320,-445,457,-342,-23,248,-334,27,451,-652,-108,272,-636,-240,449,-923,198,272,-909,-57,449,-965,204,269,-956,-53,417,-1024,-189,302,-1000,-486,
 393,127,-630,415,158,-601,427,157,-601,439,155,-601,375,161,-608,361,162,-607,347,162,-607,458,140,-365,328,153,-390,415,86,-531,365,89,-540,530,21,-166,220,26,-194,585,-194,-338,140,-181,-149,493,-28,-611,217,-311,-369,455,3,-681,223,-368,-427,452,32,-615,252,-343,-442,458,24,-598,257,-322,-386,455,-341,-22,248,-334,26,449,-649,-123,272,-633,-249,447,-921,166,272,-908,-78,448,-964,172,268,-955,-75,415,-1020,-216,302,-994,-500,
 391,128,-766,414,158,-738,426,157,-737,438,156,-737,373,161,-744,359,162,-743,346,162,-744,458,141,-481,328,153,-504,414,87,-658,363,91,-667,530,21,-249,220,26,-297,591,-194,-478,140,-183,-309,493,-28,-785,227,-290,-561,455,4,-849,240,-335,-620,452,32,-777,265,-308,-610,459,24,-768,267,-291,-566,455,-341,-22,248,-334,26,449,-649,-146,271,-633,-288,447,-922,138,270,-908,-118,447,-964,141,267,-955,-117,413,-1020,-260,302,-994,-553,
 389,128,-762,413,159,-733,425,158,-733,436,156,-733,372,162,-739,358,162,-739,345,163,-739,456,141,-478,327,153,-500,413,87,-655,362,91,-663,530,21,-252,220,26,-287,592,-192,-475,140,-180,-261,493,-28,-750,210,-297,-492,455,4,-811,213,-347,-549,452,31,-740,240,-326,-567,458,24,-732,246,-307,-508,455,-341,-22,248,-334,26,448,-648,-148,270,-631,-276,447,-921,139,269,-906,-105,447,-964,144,266,-953,-104,412,-1019,-254,301,-993,-537,
 388,128,-708,412,159,-682,423,158,-682,435,156,-681,371,162,-685,356,162,-684,343,163,-684,456,141,-442,326,153,-452,411,87,-607,360,91,-612,530,20,-237,220,26,-235,588,-201,-408,135,-179,-190,482,-31,-646,202,-299,-424,445,1,-710,205,-352,-480,444,30,-641,232,-329,-499,452,22,-629,237,-309,-442,454,-342,-23,247,-334,27,446,-649,-143,267,-631,-253,441,-922,154,260,-907,-59,441,-964,162,256,-954,-54,404,-1019,-252,288,-993,-490,
 387,128,-720,412,159,-694,423,158,-694,435,156,-694,370,162,-698,356,162,-698,343,162,-698,455,141,-453,326,153,-467,411,87,-619,359,91,-625,529,20,-242,220,26,-250,588,-200,-407,136,-180,-203,481,-34,-650,205,-300,-428,442,-2,-715,209,-353,-483,442,27,-647,236,-329,-500,450,20,-634,241,-310,-444,454,-341,-23,246,-334,27,446,-648,-145,267,-631,-254,441,-921,156,261,-907,-66,442,-964,163,256,-954,-62,405,-1019,-242,289,-993,-499,
 387,128,-737,411,158,-710,423,157,-710,434,156,-710,370,161,-714,355,162,-714,343,162,-714,454,141,-462,326,153,-473,410,87,-632,358,91,-638,529,20,-249,220,26,-256,586,-200,-427,136,-179,-239,480,-36,-688,208,-282,-485,440,-3,-751,216,-328,-545,441,25,-687,240,-302,-548,449,19,-673,244,-284,-496,452,-340,-23,244,-333,27,444,-647,-142,266,-630,-253,440,-921,162,261,-906,-65,441,-963,169,256,-953,-61,405,-1019,-232,289,-993,-497,
 385,128,-833,410,158,-805,422,157,-805,434,155,-805,369,161,-808,354,162,-808,342,162,-808,454,141,-534,325,153,-542,409,87,-718,356,90,-723,529,20,-295,221,26,-288,585,-201,-482,137,-178,-251,477,-35,-781,206,-283,-534,437,-3,-854,212,-330,-600,438,25,-792,237,-303,-615,447,19,-767,242,-286,-550,452,-341,-24,244,-333,28,444,-648,-135,265,-630,-247,440,-921,190,261,-906,-43,441,-964,197,256,-953,-38,404,-1019,-229,289,-994,-495,
 384,123,-815,410,154,-800,422,153,-800,434,151,-800,368,158,-794,354,159,-793,341,159,-793,454,138,-526,325,153,-515,408,82,-697,354,86,-694,531,19,-272,221,26,-262,585,-200,-441,132,-168,-236,476,-48,-761,198,-271,-511,436,-3,-846,203,-318,-573,439,23,-773,228,-291,-585,447,17,-759,233,-275,-526,451,-339,-24,244,-330,28,441,-646,-135,262,-624,-263,435,-919,174,256,-903,-85,436,-961,179,251,-950,-83,398,-1016,-242,282,-990,-543,
 384,119,-811,410,152,-786,422,150,-786,434,148,-786,367,156,-785,353,157,-785,341,158,-785,454,137,-516,325,152,-514,408,79,-697,353,83,-688,532,19,-273,220,25,-265,586,-198,-432,132,-171,-249,476,-57,-714,198,-273,-516,435,-5,-786,206,-318,-577,437,21,-722,229,-290,-585,445,15,-706,234,-274,-530,453,-339,-24,251,-338,28,442,-646,-71,262,-625,-166,436,-919,293,256,-904,78,437,-961,306,252,-951,89,398,-1016,-98,283,-991,-357,
 384,118,-811,410,151,-786,422,149,-785,434,147,-785,367,155,-790,353,156,-789,341,156,-789,455,135,-513,325,151,-523,408,78,-694,353,82,-696,532,19,-273,220,25,-277,582,-195,-467,134,-172,-318,476,-73,-827,216,-259,-619,434,-9,-904,232,-299,-693,435,19,-853,250,-271,-690,443,13,-820,251,-257,-629,453,-337,-21,250,-334,26,442,-641,-66,262,-620,-220,437,-913,259,257,-897,0,438,-956,267,253,-944,7,402,-1011,-140,287,-985,-465,
 383,117,-1013,410,151,-990,422,149,-990,434,147,-990,367,154,-993,353,155,-992,341,155,-993,456,135,-693,325,150,-696,407,77,-885,353,80,-887,535,18,-403,221,25,-403,583,-193,-636,135,-167,-396,476,-68,-1035,199,-263,-730,435,-7,-1119,202,-300,-805,434,19,-1068,226,-276,-818,442,13,-1028,231,-261,-745,453,-337,-21,249,-330,26,438,-641,-69,256,-619,-222,429,-914,264,249,-897,-6,431,-956,272,246,-943,1,389,-1011,-151,281,-985,-465,
 384,117,-966,410,150,-943,422,148,-942,435,146,-942,367,153,-947,353,154,-947,341,154,-947,457,134,-653,325,149,-664,408,77,-841,353,79,-846,537,17,-373,222,24,-394,592,-190,-579,143,-170,-394,488,-77,-956,207,-266,-720,436,-8,-1039,214,-308,-797,438,17,-990,237,-283,-805,448,12,-949,240,-267,-733,455,-337,-23,249,-330,27,440,-642,-70,257,-620,-207,433,-914,276,255,-897,30,435,-956,286,252,-943,40,392,-1012,-140,291,-988,-427,
 384,116,-1130,411,149,-1110,423,148,-1110,436,146,-1110,367,153,-1114,353,154,-1114,341,153,-1114,459,133,-808,325,148,-816,409,76,-998,353,78,-1002,540,16,-490,222,24,-505,597,-189,-702,144,-176,-489,496,-84,-1108,208,-280,-813,436,-8,-1190,215,-326,-881,439,16,-1140,238,-301,-889,448,8,-1100,241,-284,-823,458,-337,-25,250,-330,28,444,-645,-56,258,-624,-164,435,-916,328,258,-900,108,437,-958,340,255,-945,121,393,-1017,-95,294,-997,-354,
 385,116,-1117,411,149,-1095,424,147,-1095,437,145,-1095,368,152,-1104,354,153,-1103,341,153,-1104,460,133,-784,325,147,-812,409,75,-981,354,77,-991,540,15,-464,222,23,-515,600,-178,-678,148,-180,-530,505,-96,-1109,226,-270,-853,446,-14,-1191,241,-310,-926,451,13,-1152,260,-282,-922,450,7,-1106,260,-268,-858,458,-337,-24,250,-330,28,445,-645,-40,260,-625,-165,437,-916,337,264,-900,100,439,-957,349,262,-944,112,398,-1017,-82,301,-997,-358,
 387,115,-1027,413,148,-1007,426,147,-1006,438,145,-1006,369,152,-1014,355,152,-1013,343,152,-1014,462,132,-723,326,147,-745,411,74,-903,355,77,-911,542,15,-429,222,22,-478,606,-177,-618,150,-191,-488,517,-97,-992,232,-271,-785,499,-64,-1070,248,-313,-855,461,10,-1019,267,-284,-851,464,5,-984,268,-269,-791,462,-337,-23,252,-331,27,450,-645,-39,264,-626,-171,447,-916,352,270,-900,108,449,-958,366,268,-945,121,411,-1017,-58,308,-998,-343,
 388,113,-1136,414,147,-1117,428,145,-1117,440,143,-1117,370,151,-1127,356,152,-1127,344,152,-1127,464,131,-815,326,146,-849,412,73,-1002,357,75,-1014,543,15,-492,221,21,-537,606,-175,-654,153,-193,-475,513,-98,-1031,231,-289,-745,495,-61,-1107,245,-335,-810,457,9,-1065,265,-306,-816,462,4,-1026,266,-288,-754,464,-336,-23,253,-331,27,454,-646,-28,269,-629,-153,453,-916,371,279,-902,130,454,-958,386,278,-945,144,421,-1019,-44,318,-1002,-325,
 390,111,-1090,415,146,-1077,429,144,-1076,442,142,-1076,371,150,-1083,357,151,-1083,344,150,-1083,465,130,-801,326,145,-818,413,71,-965,358,73,-972,545,15,-499,221,21,-529,607,-176,-659,153,-193,-548,512,-95,-989,250,-260,-829,484,-66,-1102,273,-292,-888,456,9,-1028,289,-259,-870,461,2,-989,288,-248,-828,467,-336,-25,254,-331,29,454,-647,-17,269,-631,-112,452,-917,403,278,-904,192,454,-959,421,276,-947,211,419,-1021,3,315,-1005,-249,
 391,109,-1188,417,144,-1172,430,143,-1171,443,141,-1171,373,148,-1181,358,149,-1181,346,149,-1181,466,130,-872,326,143,-902,413,70,-1055,359,72,-1066,546,15,-530,221,20,-602,621,-169,-695,152,-191,-577,534,-113,-1107,228,-276,-859,522,-105,-1192,239,-322,-927,479,-4,-1158,262,-291,-933,481,-7,-1108,265,-275,-867,468,-333,-22,255,-328,26,455,-645,-20,269,-628,-168,454,-915,393,279,-900,127,456,-957,418,277,-942,143,419,-1019,-62,318,-1003,-358,
 393,106,-1107,418,141,-1089,431,140,-1089,444,138,-1089,374,146,-1099,359,147,-1098,347,147,-1099,467,129,-798,327,143,-830,414,68,-978,360,70,-989,546,15,-491,220,19,-537,622,-170,-636,152,-189,-496,528,-112,-1091,228,-277,-690,511,-98,-1177,239,-324,-747,473,-3,-1115,262,-292,-752,477,-10,-1094,265,-275,-697,469,-333,-22,255,-328,26,455,-646,-21,269,-629,-162,453,-915,379,278,-900,128,455,-957,396,276,-943,143,418,-1019,-47,316,-1003,-342,
 397,104,-1131,422,138,-1115,435,136,-1115,447,134,-1115,379,145,-1128,364,146,-1128,351,147,-1128,467,127,-808,328,143,-853,416,68,-995,363,70,-1009,542,15,-479,220,20,-544,620,-165,-581,152,-189,-472,529,-133,-1070,222,-305,-674,516,-134,-1129,229,-358,-738,470,-20,-1057,251,-333,-761,475,-20,-1044,255,-313,-689,467,-331,-22,255,-327,26,454,-644,-28,269,-628,-128,452,-913,362,276,-899,150,453,-954,377,273,-941,165,417,-1016,-58,310,-1000,-316,
 398,103,-1185,423,137,-1169,435,135,-1169,448,133,-1169,381,144,-1180,365,146,-1179,352,147,-1179,467,127,-858,329,143,-896,416,68,-1047,364,70,-1059,542,15,-513,220,20,-578,620,-165,-659,150,-184,-529,526,-124,-1098,216,-307,-810,509,-111,-1184,221,-361,-876,469,-16,-1140,245,-337,-898,474,-19,-1093,250,-317,-824,466,-331,-22,254,-326,26,451,-644,-26,267,-628,-126,442,-913,380,265,-899,169,443,-954,395,261,-941,185,404,-1017,-37,296,-1000,-296,
 401,103,-1137,425,135,-1121,438,133,-1120,450,131,-1120,385,142,-1128,369,145,-1128,355,146,-1128,467,126,-839,330,143,-851,418,68,-1010,367,70,-1015,537,15,-451,220,20,-552,621,-167,-538,150,-181,-455,534,-138,-988,202,-309,-709,522,-135,-1089,203,-362,-777,480,-23,-1089,226,-341,-828,473,-21,-999,233,-321,-732,462,-331,-22,254,-326,25,450,-644,-29,267,-628,-119,440,-913,371,264,-899,167,441,-954,385,259,-941,182,403,-1016,-45,294,-999,-297,
 401,102,-1118,425,134,-1101,438,132,-1101,451,130,-1101,385,142,-1110,369,144,-1110,355,146,-1110,467,125,-814,330,143,-836,418,68,-990,366,70,-998,536,15,-451,220,20,-538,620,-167,-547,151,-180,-460,529,-130,-989,223,-304,-710,520,-120,-1083,234,-356,-776,465,-22,-1071,256,-329,-804,455,-18,-996,258,-310,-726,462,-331,-22,254,-326,25,449,-644,-34,267,-628,-125,439,-913,331,264,-899,130,440,-954,342,259,-941,141,402,-1016,-85,294,-998,-330,
 401,101,-1077,426,133,-1059,438,131,-1059,451,129,-1059,385,141,-1071,369,144,-1070,355,145,-1071,467,125,-759,330,143,-800,418,68,-943,366,70,-957,536,16,-428,220,20,-466,610,-168,-548,149,-180,-312,513,-124,-968,207,-311,-524,502,-115,-1060,211,-365,-583,444,-12,-1036,233,-342,-618,448,-16,-971,238,-321,-543,461,-330,-22,254,-326,26,449,-643,-65,267,-626,-199,441,-913,283,267,-899,30,442,-954,292,262,-941,38,406,-1016,-142,299,-998,-442,
 401,101,-1078,426,133,-1060,439,131,-1059,451,129,-1059,386,140,-1072,369,143,-1072,356,145,-1072,467,124,-756,330,142,-800,418,68,-944,367,70,-957,535,16,-427,221,20,-469,609,-169,-559,150,-179,-398,512,-123,-1002,212,-305,-676,501,-114,-1097,219,-357,-748,440,-11,-1065,240,-333,-774,447,-15,-1005,244,-314,-691,460,-330,-22,253,-326,25,447,-643,-49,267,-626,-176,437,-913,301,263,-899,53,437,-953,311,258,-941,62,399,-1015,-117,292,-997,-422,
 401,101,-1095,426,133,-1074,439,131,-1073,451,129,-1073,386,140,-1087,369,143,-1087,356,144,-1087,468,124,-761,330,142,-813,418,68,-957,367,70,-974,535,16,-437,221,20,-494,603,-172,-629,150,-179,-479,499,-106,-1058,227,-290,-775,482,-88,-1143,240,-336,-845,440,-6,-1097,260,-308,-849,448,-9,-1053,261,-291,-783,458,-330,-20,252,-326,24,445,-643,-63,267,-626,-203,437,-913,265,264,-899,10,437,-953,273,260,-941,17,400,-1015,-151,296,-997,-452,
 401,101,-1047,426,133,-1026,439,131,-1025,451,129,-1025,386,141,-1037,370,143,-1036,356,145,-1036,468,124,-719,331,143,-761,418,68,-913,367,70,-927,534,16,-414,222,21,-469,600,-179,-624,149,-178,-495,489,-95,-1043,236,-263,-823,469,-70,-1127,253,-301,-896,433,0,-1079,273,-271,-890,440,-6,-1036,273,-258,-827,455,-330,-20,250,-325,24,440,-641,-60,264,-624,-196,430,-911,281,261,-897,34,430,-951,290,256,-939,42,392,-1013,-134,291,-993,-426,
 401,101,-1031,426,134,-1016,438,132,-1016,451,130,-1016,385,141,-1026,369,143,-1025,355,145,-1025,468,124,-726,330,143,-759,418,68,-904,366,70,-914,538,16,-419,222,21,-475,615,-164,-505,150,-181,-463,520,-138,-802,239,-268,-735,508,-143,-874,257,-309,-806,494,-117,-850,277,-278,-801,489,-118,-805,277,-264,-739,460,-329,-24,250,-324,28,444,-641,-29,267,-624,-97,436,-910,387,265,-896,212,437,-950,405,260,-938,233,400,-1012,-19,299,-992,-234,
 401,107,-1550,425,143,-1527,438,142,-1526,450,141,-1526,383,145,-1533,367,146,-1533,354,146,-1534,468,130,-1191,330,141,-1214,419,70,-1403,369,71,-1412,540,17,-833,222,22,-862,612,-152,-1134,150,-169,-869,533,-29,-1535,251,-292,-1078,516,1,-1630,269,-350,-1134,486,10,-1581,297,-332,-1136,490,-1,-1527,295,-313,-1080,461,-332,-25,251,-325,29,448,-649,-50,272,-631,-132,436,-918,410,269,-905,214,437,-961,431,267,-951,236,400,-1024,-2,299,-1003,-237,
 401,108,-1210,425,145,-1171,438,144,-1171,450,143,-1171,383,147,-1188,367,147,-1188,353,146,-1189,468,131,-862,330,141,-933,420,70,-1080,371,71,-1106,539,18,-544,223,22,-756,628,-146,-987,140,-170,-543,535,-27,-1161,208,-334,-615,521,3,-1221,210,-401,-649,486,19,-1144,244,-387,-662,491,9,-1136,249,-366,-620,460,-345,-18,251,-336,22,448,-659,-74,271,-644,-188,437,-927,319,271,-916,107,437,-969,333,268,-961,122,401,-1031,-64,302,-1011,-315,
 401,110,-1188,424,148,-1160,436,147,-1159,448,145,-1159,382,150,-1174,366,150,-1174,353,149,-1174,464,132,-853,330,143,-911,419,70,-1056,371,71,-1074,536,17,-531,221,22,-656,619,-134,-800,121,-172,-480,532,-27,-1146,131,-362,-577,523,1,-1219,114,-425,-615,504,18,-1171,148,-420,-645,497,6,-1139,162,-400,-590,456,-348,-19,251,-338,22,443,-663,-75,268,-645,-185,433,-930,320,269,-916,134,433,-973,336,267,-960,150,393,-1033,-66,301,-1017,-291,
 394,111,-758,417,149,-735,430,148,-735,442,146,-735,373,151,-739,359,152,-738,347,151,-738,459,133,-491,328,145,-494,414,72,-658,365,73,-660,528,14,-256,219,23,-287,619,-146,-353,111,-168,-151,585,-115,-673,119,-346,-289,602,-110,-733,105,-405,-323,578,-26,-715,133,-397,-367,563,-20,-681,145,-376,-312,435,-347,-24,235,-336,28,424,-662,-157,252,-642,-126,416,-929,165,252,-914,104,417,-972,173,247,-959,111,380,-1028,-246,286,-1009,-317,
 393,112,-942,415,149,-917,427,148,-917,439,146,-917,372,152,-928,358,152,-928,346,152,-928,455,134,-629,327,146,-666,412,73,-820,364,74,-832,521,15,-333,215,23,-421,574,-154,-87,112,-154,-295,567,-305,-117,121,-345,-489,573,-359,-139,106,-399,-549,550,-357,-197,138,-384,-592,539,-335,-147,149,-363,-515,433,-340,-22,234,-326,25,420,-639,-124,247,-625,-75,410,-916,230,246,-901,150,410,-962,241,241,-948,158,378,-1007,-175,277,-988,-300,
 387,113,-908,409,149,-884,421,148,-884,433,147,-884,367,152,-893,354,153,-893,342,153,-893,450,135,-603,325,147,-631,407,74,-789,359,76,-799,518,15,-312,214,24,-419,565,-155,-46,104,-138,-298,559,-302,-61,115,-318,-521,565,-355,-79,101,-377,-588,543,-354,-131,136,-377,-637,532,-333,-88,147,-353,-549,431,-335,-22,230,-320,26,417,-629,-111,242,-617,13,408,-905,232,240,-888,285,408,-950,246,235,-934,300,375,-993,-153,271,-973,-158,
 385,116,-828,406,151,-800,417,151,-800,429,149,-800,365,154,-813,352,155,-812,340,155,-812,447,137,-526,323,149,-567,404,76,-714,357,79,-727,516,16,-255,210,24,-384,558,-156,20,94,-136,-264,554,-306,28,107,-309,-473,562,-358,20,91,-367,-537,540,-360,-26,128,-377,-585,529,-339,2,138,-351,-500,431,-335,-22,229,-321,25,417,-629,-90,241,-618,62,409,-903,293,241,-885,353,410,-949,310,236,-931,370,376,-989,-108,273,-970,-73,
 378,118,-838,400,154,-821,412,153,-821,424,151,-821,359,156,-826,347,157,-825,335,157,-825,444,139,-575,320,151,-580,400,79,-734,352,82,-736,516,16,-318,210,25,-389,563,-156,-106,97,-137,-249,560,-303,-110,107,-308,-432,572,-355,-133,91,-366,-488,546,-353,-171,127,-373,-543,535,-333,-131,139,-349,-461,432,-332,-28,230,-319,31,418,-626,-28,240,-617,181,409,-897,406,241,-882,553,411,-941,428,237,-926,580,376,-985,24,271,-970,160,
 369,122,-864,391,157,-861,403,157,-861,414,156,-860,349,159,-871,336,159,-871,326,159,-870,433,144,-614,311,152,-636,392,85,-768,342,86,-779,515,16,-327,204,28,-415,565,-156,-231,56,-129,-298,565,-318,-369,33,-303,-494,580,-379,-413,10,-362,-550,549,-381,-432,44,-371,-544,538,-358,-390,57,-347,-513,433,-332,-28,220,-324,31,410,-639,-40,222,-621,-24,398,-913,370,215,-898,260,399,-961,388,210,-949,277,357,-1008,-25,247,-988,-206,
 363,126,-856,385,161,-838,399,160,-838,409,159,-838,343,162,-839,330,161,-839,320,161,-839,428,147,-589,304,152,-576,389,89,-753,337,89,-751,512,17,-331,198,29,-347,586,-140,-379,30,-129,-337,600,-274,-623,-40,-252,-716,627,-316,-673,-76,-288,-779,597,-308,-696,-51,-276,-819,580,-294,-643,-31,-268,-746,429,-342,-40,216,-332,44,412,-647,-61,223,-634,136,401,-919,366,216,-904,504,402,-967,383,210,-953,530,360,-1015,-43,250,-1002,87,
 358,130,-876,381,164,-847,394,164,-847,404,163,-847,338,164,-842,325,163,-841,315,162,-841,424,150,-581,299,153,-537,386,93,-770,333,93,-761,504,16,-377,198,36,-297,629,-144,-760,-28,-45,-392,590,1,-1124,-4,88,-581,614,49,-1197,1,156,-609,591,60,-1106,24,156,-515,571,41,-1106,40,121,-555,411,-356,-82,199,-343,86,381,-668,-66,184,-657,361,364,-941,356,180,-922,784,366,-987,376,173,-967,822,333,-1033,-53,211,-1023,381,
 358,132,-850,380,166,-824,393,166,-823,403,164,-823,338,166,-815,325,166,-815,314,164,-814,423,151,-578,297,155,-521,383,95,-753,331,97,-739,494,17,-398,199,43,-297,615,-58,-743,-35,-5,-386,589,48,-1051,15,134,-418,596,96,-1115,29,195,-439,573,102,-1030,51,219,-349,544,85,-1036,61,181,-396,400,-353,-87,192,-342,91,368,-665,-69,173,-653,420,350,-937,351,165,-920,880,352,-983,369,159,-966,921,318,-1030,-71,189,-1018,488,
 355,134,-796,378,168,-774,391,168,-774,400,167,-773,336,168,-757,322,167,-756,312,165,-756,421,154,-557,296,156,-459,380,98,-712,329,99,-686,496,20,-401,206,46,-273,623,-66,-724,1,10,-460,589,73,-988,-1,196,-686,589,127,-1040,6,287,-740,569,147,-957,21,306,-642,550,118,-972,40,267,-676,405,-352,-83,198,-341,87,379,-664,-54,187,-654,407,363,-935,363,182,-918,862,365,-982,386,176,-963,903,329,-1029,-35,207,-1016,492,
 355,137,-1093,377,170,-1065,390,170,-1064,399,169,-1064,336,170,-1049,322,169,-1048,312,169,-1048,419,156,-814,297,159,-714,379,102,-998,329,103,-972,498,19,-648,206,47,-432,692,-33,-930,-15,0,-430,547,140,-955,2,195,-195,512,212,-1005,116,268,-206,484,214,-883,78,281,-90,488,152,-917,126,223,-160,409,-362,-103,201,-354,107,382,-683,76,191,-676,537,361,-953,666,178,-942,1132,365,-1002,703,170,-989,1189,326,-1056,255,199,-1055,751,
 355,140,-1051,376,172,-1019,388,172,-1018,397,172,-1018,337,173,-1005,323,172,-1005,313,172,-1005,415,159,-767,298,163,-685,378,106,-957,330,107,-935,499,19,-588,206,48,-436,716,-37,-881,-11,1,-571,566,143,-957,60,196,-501,525,214,-1011,131,283,-535,494,192,-881,142,281,-325,493,161,-917,171,238,-424,409,-360,-94,204,-353,98,385,-678,-12,193,-669,460,363,-949,640,180,-937,965,365,-997,689,172,-983,1009,331,-1049,82,206,-1046,574,
 354,142,-1016,375,175,-987,387,176,-986,396,176,-986,336,175,-974,323,175,-974,312,175,-974,414,165,-754,299,167,-679,378,109,-928,330,109,-902,500,20,-578,207,51,-426,718,-56,-862,-7,24,-495,586,145,-926,112,208,-407,557,212,-974,170,305,-435,522,208,-855,185,295,-299,515,170,-889,187,258,-366,411,-350,-100,205,-340,105,380,-675,-56,186,-662,511,348,-943,499,165,-930,1061,350,-992,543,157,-978,1109,322,-1042,-14,185,-1045,684,
 354,142,-947,376,175,-919,388,176,-918,396,176,-918,337,175,-891,323,175,-890,312,175,-890,414,165,-740,299,167,-565,378,110,-877,330,109,-830,501,20,-540,207,51,-330,699,-67,-807,-5,21,-470,597,144,-887,126,199,-456,586,215,-936,176,295,-494,544,214,-833,202,282,-392,533,171,-859,208,240,-380,410,-345,-119,206,-334,123,374,-674,-162,187,-658,470,346,-939,243,166,-929,945,350,-986,261,158,-976,986,318,-1033,-214,182,-1039,560,
 354,142,-904,376,176,-876,388,176,-876,397,176,-875,337,175,-848,323,175,-847,312,175,-847,414,165,-692,300,167,-524,378,110,-833,330,110,-788,501,20,-526,208,50,-306,703,-76,-790,-5,20,-464,622,116,-876,135,194,-520,605,207,-923,183,287,-562,557,206,-813,208,279,-401,542,168,-847,212,236,-468,411,-346,-118,206,-334,122,371,-673,-146,184,-657,479,344,-939,268,159,-927,976,349,-985,288,151,-974,1019,316,-1033,-171,173,-1035,600,
 353,145,-849,375,178,-821,387,178,-821,396,178,-820,336,178,-790,322,178,-790,311,178,-790,414,166,-619,300,168,-448,376,112,-774,329,114,-728,502,20,-479,210,48,-244,693,-80,-767,-1,17,-435,611,151,-867,143,189,-529,599,233,-916,196,276,-575,565,240,-795,220,271,-423,542,185,-844,224,229,-485,412,-352,-120,208,-338,124,372,-675,-129,185,-660,491,346,-943,291,165,-928,1010,350,-989,310,157,-974,1056,319,-1036,-150,181,-1034,630,
 353,149,-882,375,181,-855,388,181,-855,397,181,-854,337,182,-830,324,182,-829,312,182,-829,415,167,-641,302,170,-506,377,115,-795,329,118,-765,504,18,-512,211,48,-286,703,-90,-790,-6,18,-496,620,123,-851,151,183,-588,609,210,-893,190,273,-639,574,221,-768,230,266,-503,550,171,-816,237,220,-556,411,-354,-117,207,-339,121,371,-678,-118,180,-659,456,342,-946,307,155,-928,965,345,-991,327,145,-974,1008,315,-1038,-129,168,-1032,573,
 353,151,-861,376,183,-829,388,183,-829,397,182,-828,337,184,-804,324,184,-804,312,183,-804,415,168,-620,302,171,-483,377,116,-784,329,119,-749,504,17,-491,211,48,-278,700,-90,-770,-9,16,-509,615,144,-809,153,183,-676,609,225,-848,194,271,-736,576,234,-729,225,265,-605,558,195,-773,230,220,-648,409,-355,-116,207,-339,121,370,-677,-155,180,-659,434,340,-945,203,154,-928,955,343,-990,215,144,-973,997,308,-1038,-243,163,-1029,537,
 354,154,-868,377,184,-835,389,184,-834,398,183,-834,339,186,-811,325,186,-811,313,185,-811,417,168,-616,303,172,-487,377,118,-789,329,122,-755,505,17,-470,212,48,-285,703,-91,-756,-8,19,-509,622,123,-793,151,184,-642,620,194,-831,197,275,-697,587,202,-719,223,269,-567,570,166,-761,231,225,-613,410,-354,-114,207,-338,119,371,-676,-194,182,-658,424,343,-944,147,157,-926,887,346,-989,157,147,-970,920,310,-1035,-313,169,-1023,482,
 354,153,-1009,377,184,-981,389,184,-980,398,183,-980,339,185,-955,325,186,-955,313,185,-955,417,168,-742,303,172,-601,377,117,-919,329,121,-881,507,19,-566,214,48,-370,700,-74,-881,-8,23,-571,618,154,-991,152,184,-676,615,236,-1047,201,272,-727,584,237,-931,228,267,-596,570,198,-958,233,224,-642,415,-354,-116,212,-338,121,379,-676,-128,188,-658,537,356,-945,330,172,-927,1106,359,-991,353,165,-971,1156,321,-1036,-138,191,-1028,714,
 357,140,-999,379,175,-973,391,174,-973,401,174,-972,343,176,-950,330,176,-950,318,176,-950,419,163,-745,304,167,-615,379,108,-911,333,110,-877,508,18,-567,215,45,-373,736,-74,-845,-4,22,-542,636,143,-941,155,178,-639,631,228,-1006,205,263,-687,592,233,-853,244,264,-567,574,185,-945,245,220,-609,420,-357,-119,215,-343,123,382,-682,-60,190,-661,528,356,-950,447,172,-933,1073,360,-995,476,163,-979,1123,321,-1044,22,190,-1039,700,
 360,136,-914,382,170,-890,392,170,-889,403,170,-889,346,172,-871,333,172,-870,321,173,-870,421,160,-681,305,165,-571,380,103,-834,336,105,-805,508,18,-491,216,44,-337,740,-81,-723,-4,19,-481,639,126,-722,150,171,-537,632,212,-756,200,253,-583,594,219,-630,239,252,-458,579,183,-686,243,212,-506,420,-357,-117,216,-343,122,381,-681,-101,189,-661,513,349,-950,314,167,-933,967,352,-995,332,158,-978,1008,316,-1043,-105,184,-1038,629,
 362,132,-986,383,166,-961,393,166,-960,404,166,-960,348,168,-944,335,169,-943,323,169,-943,422,156,-728,306,162,-628,380,99,-895,337,102,-870,508,18,-522,217,42,-377,732,-99,-750,-4,16,-581,634,122,-766,149,167,-737,632,206,-812,198,248,-795,592,210,-698,235,247,-662,575,173,-737,238,207,-705,420,-358,-117,216,-344,121,382,-680,-151,189,-662,497,350,-951,230,167,-933,972,352,-997,246,158,-979,1014,317,-1045,-205,183,-1037,613,
 362,129,-1112,383,164,-1086,394,164,-1086,404,164,-1086,348,165,-1070,335,166,-1069,323,167,-1069,422,155,-833,306,161,-737,380,97,-1012,337,100,-988,508,17,-608,217,42,-454,731,-114,-848,-3,15,-680,633,84,-851,153,165,-853,628,179,-887,209,246,-908,589,190,-751,240,245,-771,575,143,-806,241,205,-818,425,-358,-122,220,-347,126,394,-681,-146,199,-669,527,368,-956,273,182,-943,1040,370,-1003,296,175,-989,1087,336,-1052,-153,201,-1045,680,
 362,128,-1058,384,163,-1036,394,163,-1035,405,163,-1035,348,164,-1014,335,165,-1014,323,166,-1014,423,153,-802,306,160,-684,380,95,-966,337,99,-935,507,17,-584,217,42,-420,727,-131,-828,-3,8,-611,631,61,-885,154,159,-752,627,162,-925,208,238,-819,588,171,-801,237,241,-720,574,131,-845,239,204,-729,425,-358,-122,219,-347,126,393,-681,-114,193,-668,569,363,-956,330,177,-941,1132,362,-1002,355,169,-987,1185,334,-1052,-104,198,-1043,765,
 362,125,-776,383,160,-758,394,160,-758,404,160,-758,348,161,-733,335,162,-733,323,163,-733,423,151,-549,306,157,-414,380,93,-691,337,97,-655,507,17,-363,219,42,-188,666,-147,-580,2,6,-400,623,59,-601,161,159,-571,627,148,-625,216,231,-616,589,164,-513,242,235,-484,574,119,-565,243,202,-537,425,-359,-121,219,-348,126,396,-681,-95,197,-667,539,374,-955,329,186,-941,1106,375,-999,351,178,-985,1159,345,-1051,-101,210,-1041,748,
 362,125,-1033,384,160,-1010,394,160,-1009,405,160,-1009,348,162,-993,335,162,-993,323,163,-993,423,150,-752,307,157,-655,380,93,-928,337,97,-903,505,17,-515,219,42,-404,671,-143,-734,2,2,-610,625,42,-843,159,148,-739,626,134,-882,214,216,-781,589,142,-771,241,223,-643,575,99,-807,241,193,-697,425,-359,-121,219,-349,125,398,-680,-65,197,-667,632,379,-955,390,192,-941,1273,378,-999,416,185,-986,1335,357,-1053,-47,223,-1042,912,
 362,126,-1059,383,160,-1033,394,160,-1032,404,160,-1032,348,161,-1015,335,162,-1015,323,163,-1015,421,151,-773,306,157,-675,380,93,-957,337,97,-931,502,17,-544,215,42,-419,677,-110,-817,0,-7,-662,593,54,-894,158,143,-803,577,141,-941,214,209,-859,539,147,-811,240,213,-719,531,105,-852,240,183,-764,421,-359,-111,215,-349,114,387,-680,-27,191,-667,598,367,-955,438,180,-940,1197,367,-999,463,172,-985,1253,341,-1052,-11,211,-1043,818,
 362,125,-975,382,160,-946,393,161,-945,403,161,-945,347,159,-926,334,158,-926,322,157,-926,418,153,-679,306,152,-570,381,94,-869,339,96,-840,503,17,-498,215,39,-363,682,-116,-826,0,-5,-625,595,58,-1016,162,153,-830,587,149,-1081,223,230,-893,544,163,-964,247,236,-763,536,123,-983,243,197,-796,423,-366,-112,217,-353,116,387,-683,-42,192,-672,586,367,-960,428,180,-946,1112,368,-1006,455,172,-991,1162,340,-1058,-4,210,-1052,715,
 362,126,-1153,382,161,-1126,393,161,-1126,403,162,-1126,347,159,-1111,334,158,-1110,322,157,-1110,418,154,-860,305,153,-766,381,94,-1047,339,96,-1023,503,16,-653,214,37,-505,695,-113,-989,2,-3,-727,606,101,-1130,171,171,-842,593,174,-1185,221,266,-888,566,187,-1058,252,261,-756,559,152,-1090,248,217,-804,424,-366,-115,218,-356,119,390,-684,-51,192,-675,604,367,-961,422,180,-950,1175,368,-1009,451,172,-996,1228,340,-1060,-8,209,-1057,805,
 363,127,-885,384,162,-866,395,162,-865,407,162,-865,348,163,-847,335,164,-847,323,165,-847,426,154,-642,306,160,-541,382,95,-796,339,98,-769,503,21,-444,214,44,-333,646,-154,-571,4,13,-670,618,-31,-662,181,194,-951,624,-60,-687,242,281,-1017,610,-40,-621,260,277,-879,587,25,-645,257,238,-914,420,-347,-104,213,-332,108,387,-657,-78,192,-647,446,360,-924,311,179,-915,940,358,-964,329,171,-956,983,335,-1022,-114,208,-1014,565,
 363,127,-861,385,162,-842,396,162,-841,408,162,-841,348,164,-820,335,165,-820,323,167,-820,428,154,-624,306,163,-506,382,95,-774,338,99,-742,504,24,-408,214,47,-293,652,-155,-534,7,15,-525,620,1,-581,187,205,-676,633,1,-601,244,289,-715,616,19,-513,264,286,-575,586,58,-555,262,249,-635,420,-343,-104,213,-329,108,387,-653,-105,193,-643,477,360,-919,296,182,-908,967,358,-960,316,174,-951,1001,338,-1015,-127,209,-1004,631,
 364,127,-960,386,162,-951,398,162,-950,410,162,-950,349,164,-919,337,165,-919,324,167,-919,432,154,-757,307,163,-597,383,95,-881,340,99,-835,505,24,-523,217,48,-326,661,-143,-700,13,20,-521,629,40,-719,204,209,-562,642,151,-749,255,286,-594,624,163,-641,277,288,-455,589,123,-685,276,255,-523,422,-344,-106,218,-331,110,388,-655,-158,194,-645,493,362,-923,254,182,-909,1009,360,-966,275,174,-954,1047,341,-1020,-175,206,-1008,688,
 368,126,-695,390,160,-673,401,160,-672,414,160,-672,354,164,-655,343,165,-654,331,167,-654,435,153,-453,311,163,-351,384,95,-608,343,99,-580,504,27,-264,225,55,-184,655,-113,-485,30,27,-497,629,68,-592,238,217,-647,640,149,-637,287,282,-731,621,157,-541,301,286,-621,594,124,-566,295,257,-630,421,-336,-96,224,-321,100,388,-643,-82,199,-628,429,359,-911,304,181,-896,934,357,-951,320,173,-939,977,330,-1008,-99,196,-991,563,
 367,130,-1155,389,169,-1141,401,173,-1140,414,177,-1140,352,168,-1129,339,170,-1128,327,172,-1128,434,173,-886,309,175,-810,383,97,-1045,342,102,-1025,503,41,-643,219,101,-542,633,-104,-847,20,26,-704,590,100,-949,223,216,-782,590,170,-976,179,278,-805,588,157,-883,194,280,-698,573,127,-920,189,255,-751,418,-319,-92,205,-305,95,388,-632,38,193,-619,593,359,-899,571,178,-885,1262,357,-944,607,170,-932,1327,330,-1004,182,196,-991,923,
 367,129,-1349,389,170,-1347,401,173,-1346,414,178,-1346,351,169,-1345,338,172,-1344,326,176,-1345,435,180,-1093,309,183,-1073,383,96,-1233,341,101,-1228,503,43,-821,204,95,-724,637,-91,-1083,13,4,-495,539,110,-1418,-29,-211,-422,547,178,-1494,-60,-258,-402,545,190,-1393,-36,-247,-439,534,160,-1389,-21,-237,-435,413,-325,-79,195,-309,82,384,-651,204,188,-622,488,355,-918,933,166,-889,1227,355,-966,986,155,-933,1298,312,-1038,564,194,-1013,854,
 372,147,-407,395,176,-387,405,178,-387,416,180,-387,367,179,-368,359,183,-368,353,187,-368,433,179,-197,337,187,-97,386,122,-329,351,126,-302,503,52,-203,229,87,32,582,53,-668,104,-12,-388,467,257,-861,124,-162,-883,465,329,-927,72,-53,-972,467,328,-833,32,-81,-913,461,289,-832,80,-148,-886,413,-320,-80,211,-296,84,382,-635,76,197,-600,307,355,-900,566,174,-867,684,360,-940,575,164,-903,715,314,-990,322,195,-974,333,
 373,152,-415,397,182,-397,407,184,-397,418,186,-398,369,184,-377,361,187,-376,354,189,-377,433,181,-219,345,188,-107,392,135,-340,353,130,-311,510,59,-182,246,83,-12,555,39,-565,130,16,-445,462,260,-651,339,175,-942,459,321,-700,397,251,-1037,461,322,-606,389,252,-918,450,283,-622,377,206,-919,424,-316,-79,237,-294,83,392,-630,24,228,-600,252,377,-895,342,215,-870,558,387,-935,354,205,-907,580,329,-985,-9,235,-974,199,
 379,150,-360,403,182,-336,413,183,-336,422,186,-336,377,183,-327,369,185,-327,362,188,-327,433,181,-147,349,186,-87,395,130,-283,359,126,-268,509,57,-68,248,81,-63,551,35,-425,178,44,-551,456,243,-552,436,273,-924,461,306,-601,464,324,-1021,465,305,-522,466,334,-903,460,263,-533,456,308,-899,423,-317,-31,235,-298,35,390,-634,-13,223,-607,74,375,-900,239,208,-876,261,383,-941,247,198,-911,267,332,-993,-124,230,-979,-124,
 384,148,-538,408,176,-508,416,176,-507,425,177,-507,382,181,-504,373,183,-504,364,186,-504,436,170,-265,346,186,-229,396,128,-441,360,126,-432,509,54,-145,232,77,-149,576,6,-531,144,40,-663,489,205,-696,405,246,-1034,490,269,-746,449,312,-1129,484,272,-651,445,321,-1005,473,237,-668,426,284,-1004,418,-335,-44,231,-319,48,390,-650,44,220,-634,259,375,-923,444,208,-903,617,381,-966,466,199,-942,643,339,-1021,79,230,-1004,250,
 383,137,-844,406,168,-812,416,166,-811,425,164,-811,379,177,-813,372,181,-813,361,185,-813,436,159,-525,331,184,-515,395,107,-729,360,114,-728,490,33,-328,201,62,-313,657,-85,-702,39,1,-629,519,103,-889,327,123,-863,514,160,-949,367,202,-889,495,170,-803,373,209,-753,483,166,-840,368,173,-812,413,-346,-59,207,-337,64,386,-670,38,191,-656,533,365,-959,562,183,-937,1226,364,-1007,595,173,-984,1292,337,-1064,152,210,-1043,849,
 379,132,-1025,398,164,-1003,408,163,-1003,417,162,-1003,368,169,-994,357,171,-993,344,173,-993,429,157,-752,318,170,-692,391,100,-921,356,105,-906,487,23,-543,199,46,-439,680,-147,-863,-1,-10,-692,602,46,-1078,208,99,-869,587,139,-1150,287,202,-913,554,152,-1024,319,197,-783,537,117,-1038,306,157,-831,410,-351,-89,202,-345,93,385,-684,67,182,-673,590,364,-973,660,176,-962,1286,362,-1020,701,168,-1011,1353,340,-1082,253,207,-1069,911,
 367,131,-885,389,163,-839,401,161,-838,411,160,-838,352,167,-803,339,168,-803,326,169,-803,428,149,-584,310,161,-433,385,98,-798,339,103,-739,500,17,-402,201,41,-223,681,-145,-643,2,-12,-448,630,46,-758,150,143,-639,615,127,-803,184,264,-699,584,129,-695,214,267,-564,577,97,-729,222,223,-607,415,-372,-113,203,-358,117,391,-697,-81,188,-686,529,376,-984,356,182,-965,1154,379,-1033,380,175,-1012,1230,342,-1082,-59,208,-1070,734,
 363,131,-785,386,163,-747,398,161,-747,409,160,-747,346,167,-726,332,168,-725,319,169,-725,428,146,-459,304,161,-356,382,97,-675,332,103,-642,504,15,-322,203,41,-193,617,-190,-353,10,-10,-642,608,-331,-436,144,170,-1239,619,-383,-487,171,280,-1373,586,-374,-489,201,284,-1270,571,-358,-449,210,237,-1225,424,-383,-108,205,-370,112,401,-702,-52,201,-699,515,389,-986,429,191,-979,1114,393,-1032,458,185,-1022,1172,347,-1085,-33,217,-1086,733,
 361,132,-814,385,164,-788,397,162,-788,409,160,-788,344,168,-761,330,169,-760,317,169,-760,429,147,-540,303,161,-376,381,97,-718,330,103,-677,508,17,-334,204,42,-206,672,-154,-447,12,-9,-469,633,-212,-699,153,181,-734,628,-77,-754,195,274,-800,600,-48,-662,219,278,-678,594,-99,-681,222,239,-706,425,-377,-110,207,-364,115,401,-697,-57,202,-689,497,386,-981,416,192,-969,1072,389,-1026,441,186,-1013,1125,347,-1081,-35,217,-1074,686,
 361,133,-699,385,165,-670,397,163,-669,409,160,-669,345,169,-651,331,169,-650,318,170,-650,429,148,-418,303,162,-309,380,97,-602,330,103,-573,508,18,-214,205,43,-126,666,-156,-380,9,-2,-423,640,-82,-514,168,184,-704,652,-4,-552,209,267,-770,616,20,-467,231,273,-644,604,-18,-494,232,239,-672,425,-376,-108,207,-362,112,400,-695,-148,202,-686,409,385,-976,237,193,-963,881,387,-1023,253,187,-1008,922,348,-1076,-218,217,-1071,470,
 361,132,-655,385,165,-634,397,163,-634,409,160,-634,345,168,-618,331,168,-617,319,169,-617,430,148,-402,304,162,-302,380,97,-561,332,103,-535,509,23,-199,212,45,-127,621,-71,-362,13,9,-423,634,29,-408,211,186,-647,637,9,-429,264,262,-700,615,31,-340,280,270,-571,598,2,-381,277,234,-611,423,-363,-100,208,-350,104,400,-678,-72,204,-663,418,383,-956,326,194,-941,975,384,-997,351,188,-984,1028,348,-1060,-100,218,-1043,592,
 364,131,-671,387,163,-652,400,163,-652,412,161,-652,347,165,-639,333,165,-638,320,167,-639,431,152,-430,305,162,-341,382,97,-579,335,102,-556,505,36,-239,216,89,-147,625,-79,-442,16,15,-464,628,26,-563,245,185,-638,643,28,-603,306,261,-678,626,50,-516,320,269,-566,604,25,-540,311,233,-605,416,-348,-77,207,-332,81,393,-663,0,197,-646,410,365,-947,436,174,-924,964,363,-989,462,163,-968,1016,334,-1049,45,198,-1027,591,
 364,131,-1391,389,169,-1384,402,170,-1384,415,170,-1384,347,174,-1381,332,178,-1380,319,181,-1381,435,169,-1100,305,182,-1070,384,97,-1263,336,102,-1256,513,40,-816,212,90,-672,653,-78,-1143,6,10,-467,614,71,-1538,-63,-187,-484,595,123,-1621,-91,-239,-470,568,142,-1527,-64,-232,-504,566,110,-1513,-51,-221,-496,420,-347,-83,206,-327,86,393,-679,140,188,-651,419,365,-964,851,159,-938,1104,364,-1014,900,148,-989,1169,321,-1081,435,189,-1065,681,
 371,140,-489,395,175,-476,408,176,-476,419,177,-477,362,180,-450,353,183,-449,346,186,-450,435,178,-300,333,189,-156,390,113,-415,350,117,-376,515,47,-283,241,85,-44,610,-32,-1105,80,15,-504,501,206,-864,260,111,-1013,480,282,-913,284,134,-1108,471,281,-778,327,148,-1004,470,239,-809,294,123,-995,422,-339,-90,222,-316,93,392,-668,87,205,-629,423,371,-937,622,182,-911,952,381,-980,655,170,-954,996,326,-1034,217,200,-1024,589,
 376,141,-533,401,178,-506,412,180,-506,423,182,-506,368,181,-489,360,184,-488,354,187,-489,435,181,-283,342,189,-182,395,115,-445,358,118,-417,519,53,-245,249,82,-71,554,41,-838,95,15,-579,466,288,-704,353,188,-1015,461,357,-761,412,260,-1115,458,357,-657,418,258,-991,454,317,-671,399,216,-990,427,-339,-87,236,-315,90,395,-663,-2,218,-630,281,376,-936,370,200,-912,629,387,-977,385,189,-952,654,327,-1031,-31,216,-1019,241,
 384,142,-456,405,179,-419,415,180,-419,425,182,-419,376,181,-423,368,184,-423,361,187,-423,432,179,-174,347,188,-171,400,116,-359,367,118,-361,502,52,-79,244,81,-127,554,17,-490,172,22,-629,456,225,-646,432,274,-944,455,293,-705,459,336,-1039,453,296,-615,455,343,-925,440,263,-624,444,307,-919,412,-339,-28,229,-317,31,381,-664,-49,215,-644,78,356,-942,222,197,-935,285,358,-983,232,185,-977,294,323,-1034,-145,216,-1035,-113,
 388,141,-396,408,178,-350,417,180,-351,426,182,-351,382,179,-357,374,181,-356,367,183,-357,432,175,-97,353,180,-107,402,116,-296,373,118,-302,504,46,-51,242,62,-73,545,-4,-461,172,31,-625,456,226,-589,434,263,-806,451,287,-638,450,318,-898,457,273,-556,447,315,-769,447,242,-570,441,287,-775,412,-366,-33,228,-348,36,381,-692,-84,214,-677,-41,353,-977,197,197,-976,83,352,-1020,207,189,-1020,81,318,-1069,-159,216,-1074,-310,
 391,139,-362,409,169,-322,418,170,-322,427,171,-322,385,172,-321,377,174,-321,369,176,-321,433,170,-71,354,175,-51,403,115,-261,375,117,-259,509,40,-52,241,46,32,561,-11,-430,146,29,-389,442,211,-466,392,228,-564,431,257,-508,420,285,-640,428,253,-417,428,286,-516,422,223,-440,411,257,-533,425,-384,-46,236,-364,49,399,-716,-67,230,-699,101,382,-1004,267,228,-988,264,388,-1049,281,225,-1030,270,336,-1092,-93,236,-1091,-117,
 390,134,-440,409,162,-399,418,160,-399,427,159,-399,383,169,-400,375,171,-399,366,174,-399,434,156,-132,352,174,-114,403,109,-336,373,116,-333,506,36,-61,222,41,-39,595,1,-475,131,8,-569,468,187,-579,362,155,-975,460,235,-630,384,197,-1076,449,225,-519,403,204,-964,441,195,-546,383,177,-950,419,-383,-49,223,-359,51,372,-718,7,203,-691,247,356,-1000,409,182,-980,583,367,-1044,426,172,-1021,609,317,-1090,36,197,-1087,187,
 390,132,-777,408,162,-756,417,160,-756,426,158,-756,379,169,-743,367,171,-742,354,174,-742,433,156,-495,334,174,-412,402,101,-667,368,111,-646,493,29,-305,201,43,-189,630,-150,-679,62,-85,-580,581,39,-959,242,79,-978,588,127,-1025,305,149,-1042,563,147,-905,324,178,-923,554,93,-920,305,148,-947,413,-387,-77,199,-374,80,374,-726,61,188,-714,651,360,-1023,609,180,-1010,1426,367,-1071,644,171,-1058,1503,338,-1131,195,199,-1117,1063,
 379,131,-833,396,161,-804,405,160,-804,415,159,-804,361,167,-794,346,169,-794,332,170,-794,429,155,-487,320,165,-418,395,96,-703,354,103,-686,508,21,-288,215,26,-216,623,-199,-260,52,-122,-693,592,-371,-332,195,66,-1361,612,-434,-372,246,144,-1505,577,-433,-392,271,160,-1410,562,-414,-346,267,128,-1347,447,-389,-80,223,-383,83,426,-732,101,227,-730,586,423,-1029,718,226,-1031,1352,427,-1076,756,223,-1077,1426,386,-1139,273,251,-1144,943,
 374,129,-797,391,160,-772,402,158,-772,412,157,-772,353,165,-757,338,166,-756,324,167,-756,429,152,-479,315,161,-392,393,93,-680,347,97,-657,512,17,-287,232,27,-204,596,-220,-295,29,-103,-659,584,-366,-430,141,59,-1320,603,-417,-486,201,157,-1461,573,-413,-494,242,165,-1377,558,-398,-446,243,133,-1311,446,-388,-84,230,-379,87,421,-727,-30,229,-721,490,412,-1021,460,222,-1018,1096,415,-1066,482,218,-1062,1151,376,-1126,-31,245,-1129,676,
 374,127,-669,392,159,-651,403,158,-651,412,157,-651,354,164,-634,339,165,-633,325,166,-633,432,150,-378,314,160,-284,394,92,-558,348,95,-532,517,15,-206,236,29,-142,587,-217,-241,41,-60,-635,583,-359,-394,125,72,-1247,608,-407,-449,162,155,-1383,578,-401,-462,216,172,-1299,560,-387,-411,231,140,-1237,446,-388,-81,231,-377,84,421,-723,-20,227,-716,455,409,-1016,438,219,-1010,1000,414,-1060,457,214,-1053,1049,369,-1119,-14,243,-1121,599,
 374,127,-807,392,159,-782,403,158,-782,414,156,-782,354,163,-769,339,164,-768,326,165,-768,434,149,-481,312,157,-398,394,91,-686,348,93,-665,521,14,-274,236,28,-201,588,-204,-209,27,-118,-656,593,-364,-272,60,25,-1434,618,-422,-302,65,117,-1574,589,-418,-330,117,136,-1531,571,-401,-291,137,102,-1443,454,-389,-88,236,-379,92,430,-723,-84,228,-721,482,422,-1024,373,228,-1017,1031,428,-1071,392,226,-1060,1082,379,-1121,-102,250,-1127,606,
 374,125,-811,394,157,-784,407,155,-784,419,153,-784,354,163,-777,340,164,-776,327,165,-776,440,141,-479,312,157,-432,394,88,-689,347,91,-677,520,14,-266,219,29,-242,588,-196,-129,17,-100,-675,588,-360,-138,15,34,-1416,609,-418,-154,-6,123,-1556,582,-414,-183,51,150,-1524,565,-399,-158,68,105,-1433,449,-389,-64,223,-378,67,426,-722,-5,215,-718,386,421,-1021,497,209,-1014,867,427,-1067,522,204,-1056,910,378,-1119,52,240,-1122,434,
 375,124,-775,396,156,-750,409,154,-750,423,151,-751,355,163,-744,340,164,-744,328,165,-744,443,139,-459,312,158,-416,394,86,-657,347,90,-645,520,13,-264,212,30,-221,590,-192,-234,22,-111,-671,594,-345,-336,4,19,-1373,614,-402,-373,-15,94,-1506,587,-394,-252,37,134,-1480,571,-378,-327,53,88,-1390,446,-390,-62,217,-378,65,425,-721,-19,208,-715,361,419,-1019,431,201,-1011,798,424,-1064,452,196,-1053,836,378,-1117,3,232,-1119,386,
 375,123,-761,397,155,-735,409,152,-735,423,149,-735,355,162,-733,341,163,-733,328,164,-733,444,137,-449,312,157,-415,394,84,-642,347,89,-634,520,13,-195,209,31,-230,587,-189,-40,26,-110,-650,589,-350,-52,0,5,-1362,608,-410,-57,-14,72,-1491,581,-403,-83,28,115,-1471,565,-385,-71,44,76,-1381,444,-372,-37,211,-377,40,423,-716,-18,206,-712,204,414,-1017,411,201,-1010,540,419,-1063,429,196,-1053,566,374,-1114,-15,232,-1112,102,
 375,122,-753,397,154,-726,410,151,-726,424,148,-726,355,161,-724,341,163,-723,328,164,-723,444,136,-428,312,157,-409,394,83,-637,346,88,-626,519,13,-174,207,32,-229,587,-183,-26,29,-104,-614,588,-341,-75,9,12,-1326,604,-402,-82,-16,53,-1449,579,-394,-119,18,108,-1442,565,-376,-96,36,69,-1347,439,-371,-27,210,-370,30,423,-702,-31,205,-697,173,412,-1003,359,201,-995,485,416,-1047,374,196,-1037,506,372,-1096,-71,232,-1091,41,
 375,122,-753,397,153,-726,410,151,-726,424,148,-727,355,161,-727,341,162,-726,328,163,-726,444,136,-429,313,157,-424,394,83,-635,346,88,-631,519,12,-189,206,32,-237,584,-180,-36,32,-105,-541,586,-340,-70,15,-38,-1247,602,-400,-78,-11,-19,-1359,577,-393,-119,8,53,-1385,562,-374,-92,24,42,-1297,434,-369,-26,210,-363,29,420,-695,-32,206,-687,161,407,-996,359,201,-985,475,410,-1040,374,196,-1028,494,369,-1088,-72,232,-1079,26,
 